0.984205	-0.076478	-0.159661
0.590632	-0.370355	-0.716931
0.166050	-0.577949	-0.799001
-0.162166	-0.741774	-0.650749
-0.048070	0.658095	0.751399
0.345085	0.895943	-0.279648
0.577775	0.644587	0.500683
0.185082	-0.837050	0.514871
-0.349967	0.527275	-0.774277
0.764433	-0.611283	-0.204881
-0.889635	0.455652	-0.030502
-0.665201	0.740979	-0.091966
-0.414625	-0.908825	0.046082
0.453519	0.730261	0.510921
0.561818	-0.101295	-0.821036
-0.507830	-0.800625	-0.317977
-0.991082	-0.123233	0.050705
0.734816	0.678206	-0.009072
-0.245880	-0.669255	0.701171
0.368785	-0.701687	0.609618
0.064245	-0.407955	-0.910739
0.096553	0.012482	-0.995250
0.377252	0.553728	-0.742338
-0.701132	-0.561553	-0.439399
-0.053280	0.498057	0.865506
0.705349	0.339474	0.622287
-0.290864	-0.122087	0.948943
-0.423949	-0.553679	0.716733
-0.362326	0.903656	0.228312
0.984152	0.160513	-0.075363
0.787302	-0.406493	-0.463594
-0.746701	-0.384313	0.542901
0.970255	-0.022153	-0.241071
0.206094	0.971172	-0.119795
0.486596	0.430536	-0.760173
-0.484924	-0.188404	-0.854021
-0.193651	-0.853371	-0.484000
0.034732	0.299489	0.953467
-0.881286	-0.208224	0.424238
0.205065	0.205320	0.956970
0.699498	-0.607027	-0.377121
0.536195	-0.432133	-0.725090
0.990698	0.115985	-0.071166
-0.619827	-0.774114	0.128694
-0.188457	0.890647	0.413803
-0.742118	0.112572	-0.660749
0.309159	0.128108	-0.942342
-0.443033	0.571268	0.690923
-0.029786	0.816829	0.576111
0.439356	0.672148	-0.595973
-0.909154	-0.145679	0.390149
0.241937	-0.845228	-0.476504
-0.947062	0.020860	0.320373
0.622965	0.684094	-0.379381
0.583037	0.556667	-0.591769
-0.877402	0.468856	-0.101689
-0.654255	0.625990	-0.424366
-0.324996	-0.285448	0.901608
-0.263247	0.621746	-0.737653
-0.079561	-0.988346	0.129780
-0.869995	0.484924	-0.089201
-0.501529	0.543076	0.673452
0.360526	-0.379970	-0.851847
-0.358510	0.927244	0.108119
-0.114928	-0.907348	-0.404365
0.765899	-0.580245	0.276973
-0.880930	-0.139027	-0.452365
0.644790	-0.404516	-0.648546
-0.123382	0.574406	-0.809218
0.932575	0.313905	-0.178236
-0.806734	0.327837	0.491634
0.428479	0.635075	-0.642717
-0.811422	0.468647	-0.349234
0.730195	0.049035	0.681477
-0.120304	-0.361471	0.924589
-0.637961	0.510955	-0.576135
-0.517531	0.799758	0.304219
-0.038732	0.883547	0.466738
0.081553	0.973754	0.212490
-0.375378	0.895245	-0.240056
-0.794981	0.568824	-0.210817
-0.474216	0.044264	-0.879295
-0.565681	0.038030	0.823747
0.948716	0.231147	-0.215658
-0.545366	-0.232605	-0.805277
0.730753	-0.672851	-0.115202
-0.293407	0.736878	0.609034
-0.200986	-0.351277	-0.914445
0.931264	0.340790	-0.128875
0.108569	0.980893	0.161439
0.572937	0.094727	-0.814107
-0.476810	-0.294826	0.828088
0.174370	0.507869	0.843602
0.504177	-0.861510	0.060052
0.802458	0.431130	0.412539
0.588410	-0.799167	-0.122906
-0.333052	0.764232	0.552291
-0.132599	-0.920312	-0.368027
0.461811	0.878235	0.124230
0.071283	0.959867	-0.271244
-0.551406	-0.577964	0.601589
0.908864	-0.006701	-0.417039
-0.796866	-0.556874	0.234299
-0.423639	0.866837	-0.262911
-0.912447	-0.185304	-0.364833
0.251095	-0.943028	-0.218287
-0.806164	0.256981	0.532974
-0.079185	0.278116	0.957278
0.214220	0.226366	-0.950194
-0.028458	0.982816	-0.182378
-0.176083	0.568045	0.803940
0.144818	-0.924523	-0.352541
0.004835	-0.426687	0.904386
0.280456	-0.929180	0.240766
0.822937	0.567321	-0.030358
0.124337	0.920613	0.370151
0.646617	0.140750	0.749717
0.449025	0.539078	-0.712580
-0.199210	0.949845	-0.241061
0.452240	0.288552	-0.843930
-0.496813	-0.861487	-0.104956
0.125630	0.975744	0.179278
0.525587	-0.839961	0.134999
-0.825322	0.050212	0.562425
0.916924	0.378713	0.125809
0.550509	0.608757	-0.571275
0.054624	0.477338	-0.877020
-0.120351	-0.270268	-0.955233
0.606105	-0.558830	0.565991
0.054593	-0.986226	-0.156134
-0.447419	0.475407	-0.757499
-0.392677	-0.881874	0.260964
0.404841	0.254428	-0.878277
-0.310732	-0.335947	-0.889148
-0.497921	0.499992	-0.708578
-0.565645	-0.756215	-0.328914
0.873001	0.447416	0.194135
0.197896	-0.762435	0.616060
0.126915	-0.605032	0.786021
-0.028126	0.366476	-0.930002
0.635102	0.000364	0.772428
-0.382276	-0.703900	0.598657
0.856866	-0.509459	-0.078945
0.299163	0.452162	-0.840269
0.384695	0.209157	-0.899035
-0.041996	-0.483451	-0.874363
0.258056	0.957922	-0.125669
-0.506601	0.776673	0.374346
-0.580873	-0.516408	-0.629213
-0.648271	0.004150	0.761398
0.530159	-0.699921	0.478583
0.446978	-0.875978	0.181309
0.151793	-0.529380	0.834695
-0.064978	0.460756	-0.885145
-0.535948	0.627440	0.564871
0.247079	-0.250799	0.935976
-0.495316	-0.787268	-0.367248
-0.651803	-0.169126	0.739290
-0.681083	0.581804	-0.444557
-0.514781	0.648366	-0.560912
-0.695549	-0.701860	0.153635
-0.773000	0.572099	-0.274178
0.257944	-0.781012	-0.568758
-0.265359	-0.948885	0.170885
0.403949	0.709913	-0.576930
0.720719	0.299987	-0.624957
0.738908	0.654740	-0.159155
0.501447	-0.381493	0.776540
0.985331	-0.148457	-0.084163
0.262481	0.824815	0.500784
-0.328974	-0.896531	0.296661
0.214725	-0.120778	-0.969178
0.899329	-0.407437	-0.158751
-0.077958	-0.949650	-0.303460
-0.906135	0.313239	-0.284256
0.664690	0.717422	-0.208549
-0.651307	0.571264	0.499456
-0.467154	-0.233521	-0.852781
-0.393406	-0.833369	0.388236
0.224715	-0.538292	0.812247
-0.630319	0.411564	0.658265
0.121778	0.867732	-0.481883
-0.464339	-0.191410	0.864726
-0.697294	0.216825	-0.683204
-0.032630	-0.346770	-0.937383
-0.050762	0.995597	0.078799
0.610975	-0.169307	-0.773334
-0.302822	-0.025153	-0.952715
0.865131	0.424965	-0.266371
0.453669	0.666981	-0.591034
0.496988	0.865495	-0.062621
-0.542352	0.606372	0.581521
0.635462	0.671337	0.381438
-0.120800	-0.094341	-0.988184
0.086477	0.815108	0.572818
-0.180136	-0.699427	0.691630
-0.482131	0.301510	-0.822582
0.182729	-0.968700	-0.168022
0.977475	-0.185849	0.100011
-0.782578	0.578638	-0.229675
-0.478333	-0.420445	0.770989
-0.262225	0.361880	0.894584
0.280308	-0.194042	0.940093
-0.885829	-0.460390	0.057870
0.017879	0.623632	0.781513
0.307315	-0.876755	0.369943
-0.022077	-0.196436	-0.980268
-0.440902	0.896795	-0.036946
0.079894	0.940753	-0.329546
0.999451	0.030870	-0.012024
-0.128883	0.166791	0.977533
-0.029883	0.986986	0.158006
-0.315116	0.945019	0.087412
-0.134502	0.953652	0.269179
0.453925	0.887185	-0.082794
0.185263	-0.186936	-0.964745
-0.879941	-0.328878	-0.342847
0.223949	-0.492414	0.841056
0.466314	0.687841	-0.556260
-0.957281	0.282641	-0.061057
0.536984	0.694650	0.478653
-0.084260	0.995564	0.041873
-0.093820	-0.965165	0.244240
-0.490405	0.402282	-0.773093
0.693915	-0.323790	0.643150
0.415553	0.247148	-0.875348
0.450477	0.698869	0.555565
0.880926	0.184226	0.435925
0.604166	-0.723843	-0.333219
-0.982835	0.128783	-0.132099
-0.737744	0.594801	0.319288
0.608708	0.156039	-0.777899
0.972222	-0.153851	0.176393
0.837711	0.095915	-0.537626
-0.400323	-0.903909	0.150634
0.769907	-0.479621	-0.420959
0.961530	-0.250752	-0.112179
-0.895948	0.121369	-0.427255
0.178362	-0.020511	-0.983751
-0.551721	-0.816139	-0.171818
-0.232339	-0.893888	0.383385
0.436086	0.487458	0.756448
-0.232538	-0.655931	-0.718109
-0.246092	0.501907	-0.829173
0.344111	0.938920	-0.004102
-0.658878	-0.318029	0.681716
0.625257	0.246199	-0.740567
0.559245	-0.824811	-0.083258
-0.708242	-0.226578	0.668623
0.497785	0.855115	-0.144877
0.346205	0.360657	-0.866065
0.708990	0.666789	0.229621
-0.717988	0.393312	0.574281
-0.263877	-0.378669	0.887118
-0.656147	0.251771	0.711395
-0.809121	0.483865	-0.333464
0.834132	-0.205731	0.511760
0.143646	0.448526	-0.882151
-0.236364	0.867661	0.437374
-0.843827	0.490566	-0.217488
-0.150988	0.802575	-0.577127
0.711325	-0.702853	0.003805
0.136581	-0.979306	-0.149353
-0.667590	-0.691910	0.274926
0.563025	-0.623674	-0.542249
-0.458083	-0.028145	0.888464
0.859753	0.329249	0.390411
0.478433	0.679965	-0.555652
0.652658	0.526385	0.544937
0.568304	0.674833	0.470777
-0.749179	-0.584460	0.311669
-0.962691	0.242516	0.120052
-0.739291	-0.645166	-0.192898
0.370643	-0.039198	0.927948
0.993703	-0.092672	0.062986
-0.734438	0.201181	0.648172
0.617228	0.786506	-0.020927
-0.138881	0.958177	0.250220
0.374168	-0.834269	-0.404962
-0.725673	-0.066142	0.684853
-0.458362	0.726090	0.512541
-0.001853	-0.262672	-0.964883
0.453038	0.260882	0.852466
-0.433827	0.218231	-0.874168
0.871187	-0.407053	-0.274484
-0.464368	0.875800	-0.131668
-0.549385	-0.355781	-0.756040
0.828074	0.228511	0.511934
0.973267	0.219011	-0.069174
0.739453	0.645042	0.192694
-0.503918	0.777717	0.375795
0.617831	0.123226	0.776595
0.721891	0.171091	0.670523
-0.145754	0.703487	-0.695602
0.051873	0.751286	-0.657935
-0.723662	-0.359934	0.588865
0.865691	-0.014562	-0.500368
-0.560828	0.551967	-0.617094
-0.472441	0.422451	-0.773521
0.938116	-0.173983	0.299447
-0.566925	-0.092094	0.818606
0.143581	0.418223	-0.896925
-0.520663	0.853714	0.009041
0.992441	0.106393	0.061174
0.591906	-0.723122	-0.356009
0.852641	-0.495752	-0.165027
0.243367	0.959942	0.138870
0.998696	0.026042	-0.043911
-0.754583	-0.610523	-0.240555
-0.979434	-0.087080	-0.182005
-0.231106	0.972157	0.038734
-0.150571	0.182847	-0.971543
-0.802404	-0.595882	-0.032762
-0.675518	-0.270908	-0.685773
-0.564445	0.812765	0.144272
-0.016734	-0.957427	-0.288189
0.519439	0.672573	-0.527095
0.260736	-0.378869	0.887961
-0.413242	-0.374717	-0.829951
0.458382	0.005371	0.888739
-0.202738	0.795780	0.570641
0.619308	0.348850	-0.703393
-0.714167	-0.545069	-0.439165
0.810269	0.570059	0.136004
-0.337096	0.640928	0.689621
0.096501	-0.459197	-0.883077
0.741269	0.204721	-0.639226
0.050905	0.165512	0.984893
0.523166	-0.434695	-0.733033
0.724734	-0.585898	0.362607
0.614940	-0.776636	-0.136694
-0.441393	-0.896492	-0.038387
0.635561	-0.154688	0.756395
-0.697466	-0.463642	-0.546423
0.531086	-0.636029	0.559835
0.714467	-0.510647	-0.478306
0.149542	0.141857	-0.978526
0.217627	-0.961697	0.166667
-0.396579	0.886796	0.237314
-0.039174	-0.674588	0.737155
-0.968714	-0.247932	-0.011114
0.227659	-0.166567	-0.959389
-0.168157	-0.849074	-0.500795
-0.496052	0.696536	-0.518430
-0.366878	-0.447130	0.815767
0.667813	-0.357771	-0.652706
-0.691190	-0.531751	-0.489384
0.814336	0.304068	-0.494368
0.483940	-0.144333	0.863117
0.598229	0.498900	-0.627073
-0.061015	-0.266144	0.962000
-0.551063	-0.707620	-0.442271
-0.992407	0.087656	-0.086284
0.218474	0.412391	0.884422
0.435744	0.886260	-0.157071
0.442965	-0.758718	0.477629
0.046753	0.290305	0.955791
-0.587479	-0.176408	0.789777
-0.749283	0.617044	0.240484
0.636815	-0.126974	0.760490
-0.607120	-0.655486	-0.449159
0.314378	0.935245	0.162738
0.390918	0.049399	-0.919099
0.796885	-0.104771	0.594977
0.270499	-0.561792	-0.781806
-0.679073	0.243869	-0.692379
-0.308803	-0.068227	0.948676
-0.544959	0.702985	-0.456981
-0.346668	0.833931	-0.429397
0.942565	0.171020	0.286921
-0.303781	-0.619928	-0.723468
-0.432886	-0.297080	-0.851089
-0.399823	0.481023	0.780230
-0.399375	-0.900409	0.172522
0.040837	0.911397	0.409497
-0.182537	0.982333	0.041248
0.510822	-0.621829	-0.593623
-0.065141	0.997379	0.031505
0.142516	0.572084	0.807718
0.251068	-0.104865	0.962272
0.790802	-0.590669	-0.160446
-0.995272	-0.005352	0.096984
0.036503	-0.896745	-0.441040
0.819857	-0.422239	-0.386715
0.744732	-0.067012	0.663991
0.588854	-0.513130	-0.624458
-0.749904	-0.593173	0.292899
-0.095236	0.972074	-0.214484
0.298935	0.419205	0.857266
-0.988302	-0.151241	-0.019632
-0.326196	-0.892439	-0.311687
0.415854	0.817065	-0.399336
0.559512	0.082578	0.824699
-0.290105	-0.590785	0.752869
-0.495492	-0.862283	-0.104669
0.783670	-0.146618	0.603626
-0.386104	-0.593235	-0.706397
0.876796	-0.247417	0.412327
-0.361359	0.893472	0.266697
-0.315596	-0.872561	-0.372877
0.329389	-0.412127	0.849502
0.317742	0.471890	0.822411
0.393412	-0.917738	0.054620
0.517702	-0.170565	0.838387
-0.376184	0.625938	0.683145
0.006921	-0.699881	0.714226
0.221669	0.629157	-0.745000
0.298770	-0.396944	-0.867855
0.052055	0.588227	0.807018
-0.665224	0.744976	-0.049877
0.401836	-0.110795	-0.908984
-0.556952	0.374985	0.741074
0.564174	-0.024909	0.825280
-0.576230	-0.793958	0.193882
-0.226358	-0.373137	0.899739
-0.802630	0.421609	0.421936
0.265201	-0.916401	-0.299797
-0.447634	-0.136171	0.883788
-0.542525	-0.031746	-0.839440
-0.712748	0.250660	0.655102
-0.641137	-0.735401	0.219385
-0.879522	0.456029	0.135937
0.928565	0.362058	-0.081737
0.578367	-0.731027	-0.362066
-0.653521	-0.532448	-0.537968
-0.995762	0.005337	-0.091817
-0.753228	-0.478835	-0.450960
-0.647135	-0.648002	-0.401634
-0.338396	0.937049	-0.086182
0.846632	0.529009	-0.058004
-0.036979	0.515815	-0.855901
0.769419	-0.144539	-0.622176
-0.723548	-0.377256	0.578062
0.279624	-0.688833	0.668819
0.585685	0.006362	0.810514
-0.783613	-0.444608	0.433906
0.228532	0.068984	0.971089
0.973395	0.183059	0.137808
-0.109019	-0.802127	0.587117
-0.120416	-0.959309	-0.255393
0.031136	-0.787354	0.615715
0.315100	-0.926758	0.204529
-0.728933	-0.674002	0.119911
-0.891412	0.127781	0.434806
-0.084319	-0.995069	-0.052228
0.361231	-0.538308	-0.761404
-0.913913	-0.405134	0.025108
-0.157695	0.261689	-0.952182
-0.519209	0.853646	-0.041356
-0.723478	0.297969	0.622732
0.831952	-0.061856	0.551389
0.121119	0.758532	0.640281
-0.591669	0.596869	-0.541918
-0.936521	-0.296801	0.186648
-0.254989	0.687100	-0.680348
-0.288526	-0.576668	0.764334
0.530633	0.094026	-0.842370
0.624700	-0.766394	0.149632
-0.225432	-0.645188	0.730009
0.288500	0.947734	-0.136265
0.748128	0.190251	0.635696
0.313456	0.717656	0.621864
-0.981485	0.031951	-0.188856
0.815660	0.550205	-0.178811
-0.186049	0.382019	0.905233
0.952207	-0.209975	-0.221838
-0.770337	0.505121	0.389146
0.574937	-0.758668	0.306383
-0.071483	-0.072707	0.994788
0.417102	-0.726972	0.545470
-0.602351	0.566700	-0.562160
-0.265755	-0.896167	-0.355329
0.241868	0.617023	-0.748854
-0.614855	-0.660385	0.431097
-0.470552	-0.364421	0.803603
-0.442723	0.576488	-0.686773
0.360311	-0.683268	0.635075
-0.646173	0.501973	-0.574876
0.653492	-0.184613	-0.734075
0.358718	-0.933346	0.013659
0.597692	0.473324	-0.647092
0.181050	-0.665027	-0.724542
-0.996298	0.028750	-0.081018
0.226013	-0.725777	0.649742
0.006724	0.194851	-0.980810
0.792358	-0.310332	-0.525227
0.731311	-0.676962	-0.083106
-0.082816	-0.937806	-0.337136
-0.367707	-0.350904	-0.861196
-0.735887	0.615012	-0.283249
0.371205	-0.387936	0.843631
-0.543627	-0.204419	0.814053
-0.141282	0.900303	-0.411696
0.750033	0.587928	-0.302970
0.302347	-0.795040	-0.525830
0.095820	0.763693	0.638428
-0.933472	0.320518	-0.160930
0.136000	-0.960015	-0.244693
0.737937	-0.645194	0.197922
-0.312597	-0.550421	-0.774157
-0.397996	-0.828002	-0.394984
-0.657942	-0.145246	-0.738929
0.400878	0.482731	-0.778632
0.088813	0.760741	0.642951
0.249591	0.497107	-0.831017
-0.193195	0.560165	0.805537
0.482153	0.710150	0.513044
0.792155	0.056034	0.607742
-0.782452	0.621629	0.036682
0.973871	-0.203016	0.101780
-0.069067	0.572110	-0.817263
0.393535	-0.896678	0.202731
-0.083922	-0.435057	0.896483
0.768130	0.240901	-0.593248
-0.296502	0.816685	-0.495088
-0.635280	-0.711077	-0.301311
0.842133	-0.069603	0.534760
0.955479	0.063899	0.288056
0.662984	-0.318542	-0.677484
-0.108403	-0.367165	0.923817
0.913278	-0.255466	0.317269
-0.507537	0.687283	0.519662
-0.941153	-0.321957	-0.102838
0.656286	0.721434	0.220955
0.095418	0.678447	-0.728426
-0.620482	0.767301	-0.162024
0.971728	-0.224172	-0.074108
0.142966	0.924687	0.352865
-0.577283	-0.775722	-0.254951
0.593593	0.773245	0.223021
0.835632	-0.355540	-0.418700
-0.321445	-0.669455	-0.669704
-0.068165	-0.599290	-0.797625
-0.732133	0.003879	0.681150
0.129447	0.982631	0.132963
0.600330	0.553178	0.577579
0.527600	0.810901	-0.253136
0.245550	-0.063103	-0.967328
0.181213	-0.004975	0.983431
-0.983011	-0.079666	0.165359
0.944811	-0.231443	-0.231875
0.999641	0.024219	0.011472
0.442351	-0.815036	0.374223
0.189161	0.918957	-0.346030
-0.334670	0.854810	-0.396606
0.666098	0.318312	0.674530
0.186423	-0.036947	-0.981775
0.577893	-0.044198	0.814915
-0.425330	0.718183	-0.550734
-0.849163	-0.489903	0.197274
0.731031	-0.156460	-0.664164
-0.024588	-0.844954	0.534273
-0.795166	-0.219049	-0.565446
-0.022558	0.986436	-0.162591
0.773358	-0.393193	0.497310
-0.561312	-0.781443	0.272535
0.095686	-0.017538	-0.995257
0.226862	-0.651563	0.723877
0.969691	0.205849	0.131623
0.033498	-0.873111	0.486370
0.545117	0.837053	0.046796
0.485383	-0.835192	0.258570
0.454765	-0.250333	0.854706
0.782138	-0.623068	0.006897
-0.808108	-0.179697	-0.560954
0.777100	-0.543561	-0.317265
0.978798	-0.129868	0.158393
-0.205229	-0.455275	-0.866375
-0.550051	-0.826702	-0.118357
-0.716810	0.691800	-0.087157
0.247187	-0.663286	0.706364
0.433304	0.375570	-0.819264
0.435276	-0.269373	-0.859054
0.342875	0.576048	0.742028
-0.153605	-0.709396	-0.687869
-0.330445	0.600328	0.728294
0.010657	0.659639	0.751507
-0.990050	-0.138673	-0.023905
-0.716575	0.143944	0.682496
-0.730559	0.582925	-0.355642
0.598341	0.741368	0.303910
0.201909	0.747378	0.632977
-0.131902	-0.990848	0.028658
0.764923	-0.001723	0.644120
-0.426802	-0.066736	0.901879
0.125259	0.964983	0.230475
0.605408	-0.270616	0.748497
-0.254791	-0.599880	-0.758437
-0.387959	-0.004533	-0.921666
-0.087909	0.261239	-0.961263
0.709294	0.672837	0.210222
-0.064404	0.794256	0.604160
0.570488	0.082452	0.817157
0.596325	-0.261589	-0.758925
-0.367920	-0.854191	0.367413
0.021881	0.782230	-0.622605
0.197380	0.974105	0.110277
0.578889	-0.079992	0.811473
-0.787081	-0.567651	-0.241403
-0.446253	-0.509080	-0.736000
0.373734	0.751949	0.543044
0.489273	-0.790984	0.367365
-0.237633	-0.913227	0.330978
-0.011167	-0.757169	0.653124
0.889814	0.345277	-0.298352
0.087678	-0.037576	0.995440
0.364132	0.718370	-0.592750
-0.781262	0.303226	0.545603
0.203867	-0.978277	-0.037581
0.434839	0.723928	-0.535577
-0.474220	-0.694371	-0.541262
-0.906596	-0.411298	0.094439
-0.531531	-0.740105	0.411970
-0.630151	0.188469	-0.753252
-0.069452	0.229033	0.970938
0.601752	0.606364	0.519825
-0.637633	0.527152	-0.561725
0.437616	-0.639677	0.631907
-0.991015	0.133734	-0.001986
0.638092	-0.081308	-0.765655
-0.058092	-0.002453	0.998308
0.030588	-0.108394	0.993637
-0.035051	-0.973547	0.225783
-0.590750	-0.657202	-0.468081
-0.764902	-0.523064	0.375937
0.624668	0.776035	0.086947
0.047258	0.984435	-0.169279
0.139469	0.873989	0.465502
-0.480849	-0.722202	-0.497201
-0.228577	0.649596	-0.725106
0.444306	-0.895867	-0.003676
0.287499	-0.951092	0.113002
0.997885	-0.017977	0.062472
0.403876	0.903151	-0.145608
-0.518247	0.831086	-0.201782
0.942121	-0.026346	-0.334237
-0.846285	0.170311	-0.504773
0.343575	0.721120	-0.601617
-0.016452	0.474752	0.879966
0.472364	-0.607932	0.638193
-0.347038	0.925527	-0.151540
-0.085608	0.869553	0.486363
0.484898	0.872288	-0.063146
0.761129	0.505565	0.406308
0.887037	0.176260	-0.426730
0.982419	-0.170452	0.076151
-0.160758	0.948200	-0.273994
-0.310564	-0.372568	-0.874496
0.686649	0.362064	-0.630415
-0.000915	0.999587	0.028725
-0.785728	-0.312918	-0.533586
0.851127	-0.434206	-0.295040
0.059483	0.490381	0.869476
-0.172526	-0.507788	0.844030
-0.228098	0.164328	0.959671
-0.574853	-0.467885	0.671288
0.722558	-0.515855	0.460221
-0.512917	0.856486	-0.057863
0.848182	0.200193	0.490417
-0.233195	0.854232	-0.464658
0.160327	-0.957703	-0.238955
0.662564	-0.071494	0.745585
0.430896	-0.391765	0.812926
0.642663	-0.438474	-0.628271
-0.070556	0.448094	0.891198
-0.125658	0.958798	-0.254788
0.729421	-0.311305	0.609126
-0.404961	0.913354	0.042329
-0.303865	-0.884166	-0.354846
0.023730	0.770271	0.637275
-0.144759	0.134407	-0.980296
0.511967	-0.681656	-0.522719
-0.873907	-0.461559	-0.152478
0.134285	0.187499	-0.973043
0.423959	-0.107484	-0.899281
0.099564	-0.099895	0.990004
0.971357	0.043993	0.233516
-0.406128	0.819056	-0.405224
-0.797376	-0.535547	0.278174
0.869877	-0.493137	0.011407
0.105776	0.968363	-0.226019
-0.172706	0.792267	-0.585222
0.016614	-0.999857	-0.003048
0.795279	-0.104890	0.597100
-0.139746	0.673037	0.726286
0.503268	-0.827112	-0.250215
0.713074	-0.697246	-0.073300
0.719612	0.286470	-0.632529
-0.499531	0.035796	-0.865556
-0.092162	0.507928	0.856455
-0.310359	0.896052	-0.317439
-0.770403	-0.492437	0.404950
0.418308	0.908281	0.006668
0.647625	0.261387	0.715723
0.802868	-0.571309	-0.170321
-0.589183	-0.801170	0.104829
-0.287422	0.943397	0.165499
0.864399	0.499043	0.061407
-0.400359	-0.211560	0.891602
-0.336542	0.729593	-0.595343
0.299634	-0.232328	-0.925334
-0.785469	0.343443	0.514864
-0.944670	-0.318570	0.078179
0.981895	0.143836	-0.123265
0.469742	-0.338768	-0.815217
-0.244102	0.482701	-0.841079
0.332018	-0.874589	0.353353
-0.142346	0.836250	-0.529550
0.631443	-0.661246	-0.405011
0.723298	-0.255208	0.641645
-0.806990	-0.432650	0.401972
0.768181	-0.634730	0.083755
0.230532	-0.957774	-0.171826
0.490399	-0.824233	0.283105
0.990045	0.098791	-0.100252
-0.547687	0.147964	0.823496
-0.838189	-0.304050	0.452760
-0.720082	0.513081	-0.467150
-0.260737	0.903967	-0.338909
-0.010726	0.816601	0.577102
0.642028	0.654358	0.399520
-0.028620	0.964789	-0.261462
-0.516390	0.520713	-0.679853
-0.133240	-0.079043	-0.987927
-0.665624	-0.089964	0.740845
-0.076737	0.661220	0.746257
-0.571798	0.811949	-0.117413
0.625461	-0.761865	0.168402
-0.080402	-0.813568	-0.575884
0.642205	-0.085635	0.761735
-0.757857	0.614475	-0.219257
-0.090082	0.775373	-0.625046
-0.904056	-0.426000	-0.034738
0.720844	-0.641263	-0.262993
-0.092375	-0.798041	-0.595480
0.073890	0.731511	0.677814
0.437368	-0.860647	-0.260760
0.767780	-0.104936	-0.632062
0.588723	0.721006	-0.365453
-0.252797	0.940202	-0.228283
-0.493518	0.131877	0.859679
-0.332749	-0.799605	0.499909
-0.076240	0.993105	0.089053
-0.777360	-0.614342	-0.135261
0.747767	-0.360453	0.557601
-0.653538	-0.522110	0.547986
0.388394	0.904131	0.178038
-0.675093	-0.198580	0.710504
-0.693821	-0.154762	0.703322
-0.921072	-0.281059	-0.269505
0.231231	0.124653	-0.964880
0.504328	-0.117647	-0.855460
-0.220564	-0.797480	0.561584
0.009096	-0.994554	0.103826
0.412098	0.589147	-0.695040
-0.861009	0.322249	-0.393470
0.793148	-0.587818	-0.159329
0.971091	0.062693	0.230331
0.820496	-0.473722	0.319958
0.706933	0.625757	-0.329659
0.839829	-0.530013	-0.117360
-0.430337	0.081495	-0.898982
0.631194	0.115726	-0.766943
0.398029	0.209848	0.893049
0.190742	-0.167198	0.967296
-0.811348	-0.506639	0.291602
0.265482	-0.396451	0.878832
0.073034	-0.963210	-0.258636
-0.587819	-0.543902	-0.598865
-0.608101	-0.593733	0.526968
0.505842	0.227865	-0.831987
-0.448126	-0.614324	-0.649453
0.868243	-0.454948	-0.197931
-0.135632	-0.914435	-0.381331
0.914687	-0.091381	0.393698
-0.786990	-0.112130	-0.606690
-0.128849	-0.795475	-0.592130
0.958510	-0.253699	-0.129980
0.810321	-0.530518	0.248859
-0.737581	0.674287	-0.036209
0.943800	-0.316684	-0.094615
-0.036541	0.579176	-0.814383
-0.089422	-0.030070	0.995540
-0.010765	0.933191	-0.359219
0.737926	-0.674862	0.005266
0.114642	0.523187	0.844472
-0.048549	-0.990782	0.126465
0.167735	0.982057	-0.086192
-0.276500	-0.457522	-0.845116
0.577117	0.359337	-0.733357
0.241564	0.230543	0.942601
0.027784	-0.072764	0.996962
0.070195	0.966575	0.246588
0.638413	0.765080	-0.084155
-0.203186	-0.042997	-0.978196
-0.527588	0.565080	0.634299
0.208267	0.719919	0.662073
-0.412343	-0.264886	0.871670
-0.667481	-0.302594	0.680372
0.446733	-0.570334	0.689310
0.574408	-0.067549	0.815777
0.531264	-0.676516	-0.509985
-0.950866	0.307627	-0.034920
-0.286045	0.897250	0.336334
0.273569	0.798793	0.535808
-0.038469	0.485156	0.873581
-0.546379	0.086796	-0.833028
-0.957062	0.207996	-0.201915
-0.845348	-0.219357	-0.487104
-0.841788	-0.245759	0.480621
0.910902	0.248539	0.329371
0.483459	0.432900	-0.760832
-0.696798	-0.554475	-0.455005
-0.749261	0.624749	0.219766
-0.874211	-0.425171	0.234486
0.414255	0.284311	-0.864616
-0.577832	-0.491696	-0.651418
-0.946023	0.175580	-0.272420
-0.362935	0.896522	-0.254022
0.353802	0.932990	-0.065987
-0.350857	0.773216	-0.528239
0.258588	-0.876255	0.406582
0.460720	-0.757414	-0.462667
-0.864760	-0.365393	-0.344496
0.733656	0.667847	0.125413
-0.928569	0.274993	-0.249276
-0.595151	0.711609	0.373374
0.902002	-0.184165	-0.390482
0.782856	-0.271870	-0.559663
0.875225	-0.483359	-0.018599
0.858333	0.345768	0.379088
-0.740431	0.591091	-0.319959
-0.580025	-0.201643	-0.789247
-0.450823	-0.140970	0.881411
-0.243528	0.810499	-0.532716
0.310845	-0.316435	-0.896239
0.203011	0.235659	-0.950395
0.288551	-0.260885	-0.921237
-0.512005	-0.660981	-0.548594
-0.653075	-0.626937	0.424786
-0.115991	-0.776631	0.619186
-0.623514	0.209422	0.753241
-0.892667	0.120552	-0.434295
0.731419	-0.283146	-0.620367
0.386427	0.007502	-0.922289
-0.041912	-0.975639	-0.215341
0.002531	-0.958317	0.285697
0.029295	0.999566	-0.003026
-0.056303	-0.579170	-0.813260
-0.274909	0.140537	0.951144
0.838770	0.470242	0.274477
0.099442	0.651001	0.752535
0.107166	-0.861732	-0.495917
-0.987135	0.122319	0.102967
-0.390683	-0.704894	-0.592023
-0.202621	-0.831583	-0.517122
0.551719	-0.831297	0.067461
0.650527	0.547450	-0.526415
-0.390289	-0.741116	-0.546279
-0.729825	0.683592	-0.007556
-0.130775	-0.163867	0.977776
-0.139081	0.541794	-0.828924
-0.682071	0.114953	0.722195
0.155653	0.920531	0.358323
-0.430880	0.750545	0.501023
0.308671	-0.828268	-0.467647
-0.304446	-0.490539	0.816508
0.762476	-0.388476	-0.517414
0.649196	-0.113553	-0.752097
0.095227	0.155551	0.983227
-0.430481	-0.517311	0.739645
0.376259	-0.154205	-0.913592
0.304526	0.332999	0.892399
0.467436	-0.848061	-0.249591
-0.218023	-0.269332	-0.938044
0.294061	0.870499	-0.394665
-0.497271	0.855243	0.145878
-0.155664	0.930328	0.332053
0.471901	0.291591	-0.832036
0.509375	0.314318	-0.801088
0.906681	0.138883	0.398298
0.094086	-0.989724	-0.107678
-0.457345	0.380896	0.803588
0.973203	-0.165922	-0.159203
0.755111	0.470915	0.456121
-0.438950	-0.888300	-0.135079
0.262431	-0.816124	0.514851
0.780021	-0.427568	0.456895
-0.174592	-0.022088	0.984393
-0.577228	0.807867	-0.118992
0.240544	0.357560	0.902380
-0.603436	-0.569677	-0.557973
0.904083	0.305688	-0.298645
-0.182350	-0.983042	-0.019418
-0.725405	-0.688323	0.000459
0.915011	-0.398346	0.063842
-0.471012	-0.785384	-0.401646
0.511650	0.478909	-0.713344
0.114791	-0.578412	-0.807628
0.266495	0.756076	0.597771
0.632403	0.521598	0.572715
0.468611	-0.659562	0.587692
0.152451	-0.905400	-0.396244
-0.881656	0.430579	0.193092
-0.172027	-0.291752	-0.940897
-0.591350	-0.618365	0.517620
-0.780294	0.098612	0.617590
-0.094842	0.292053	-0.951688
-0.704158	-0.574579	-0.417158
-0.168574	-0.635829	0.753196
-0.498035	-0.178966	0.848488
-0.465278	0.814562	0.346418
0.319345	-0.814215	-0.484843
-0.214218	-0.699510	-0.681760
0.275596	-0.961216	0.010490
0.001636	-0.629940	0.776642
0.362443	-0.657738	-0.660315
-0.212968	0.028243	0.976651
0.587259	0.653270	0.477876
-0.638905	0.363433	0.678024
-0.922187	-0.336117	0.191301
-0.330081	-0.078869	0.940652
0.712970	0.198126	0.672622
0.644020	0.190498	0.740911
-0.074025	-0.984951	0.156179
-0.049856	0.856960	-0.512966
-0.603775	0.699638	-0.382049
0.490336	0.368359	-0.789863
-0.839686	0.532730	-0.105483
0.454090	-0.147007	0.878744
0.821505	0.564334	0.081595
-0.529448	-0.353647	0.771116
0.934850	0.121056	0.333767
-0.062766	-0.865994	0.496100
-0.386387	0.920827	0.052759
-0.242917	-0.968920	-0.046746
-0.260610	0.369052	-0.892123
-0.195044	-0.651239	0.733380
0.660996	0.511437	0.549105
0.311765	-0.210278	0.926599
-0.728364	-0.566707	0.385135
-0.494982	-0.778970	0.384965
0.666813	-0.272230	-0.693722
-0.515375	-0.855627	0.047860
-0.298848	0.941134	0.157977
-0.373847	0.821836	-0.429912
-0.985098	-0.111292	0.131130
0.804336	-0.541673	-0.244201
-0.771471	0.338776	-0.538576
0.992943	-0.012960	-0.117884
0.499058	0.268215	-0.824016
-0.146087	-0.721721	0.676592
-0.081401	0.238219	0.967794
0.000676	-0.944215	-0.329330
-0.797834	-0.239379	-0.553316
-0.329838	-0.098461	0.938889
0.785911	-0.199150	0.585392
-0.199911	-0.152194	-0.967922
0.894084	-0.212745	0.394149
0.747963	-0.455627	0.482655
0.917292	0.398173	0.005743
-0.024283	-0.626395	0.779127
-0.966444	-0.225868	-0.122350
-0.048229	-0.293843	-0.954636
-0.779698	0.085084	0.620348
-0.067386	0.930668	-0.359606
0.271416	0.577024	-0.770309
0.699564	-0.551164	-0.454784
-0.399544	-0.234945	0.886096
-0.388577	-0.871123	0.300255
-0.876287	-0.020606	-0.481348
-0.403933	0.430666	0.807072
-0.063177	-0.904823	0.421074
0.018898	0.880046	0.474513
0.605868	0.594108	0.529112
0.966178	0.217275	0.138894
0.753069	0.205791	-0.624930
0.213547	0.676889	0.704428
0.408362	0.493057	-0.768203
0.054055	0.840814	0.538618
-0.479250	0.504412	-0.718253
0.776007	0.060748	0.627792
-0.748976	0.412493	-0.518541
0.365049	-0.598626	0.713012
0.359910	0.624802	-0.692883
0.338257	-0.903841	0.262020
-0.165161	-0.359462	0.918428
0.054277	-0.101614	0.993342
-0.131357	-0.832724	-0.537881
0.861371	-0.497051	-0.104792
-0.010885	-0.715885	-0.698133
-0.108950	-0.254365	-0.960952
-0.494612	-0.558185	0.666174
-0.050378	0.679855	0.731615
0.926401	-0.104033	-0.361882
0.266878	0.796266	-0.542897
-0.448656	0.522277	-0.725214
-0.803714	0.285767	-0.521901
-0.843648	-0.141030	-0.518043
-0.016658	-0.716415	0.697476
0.620295	-0.304460	0.722868
-0.356166	-0.930236	-0.088357
-0.220206	-0.795588	0.564401
0.958820	0.216227	0.184145
0.089327	0.961954	0.258198
-0.415912	0.196715	-0.887874
-0.891627	0.308871	-0.331058
0.522427	-0.677706	-0.517480
0.135817	-0.984504	-0.110928
0.542872	-0.807486	0.230773
-0.149863	0.987032	0.057529
0.175963	-0.077322	-0.981355
0.216327	-0.633834	-0.742601
0.071674	0.983747	0.164635
-0.042828	0.392825	-0.918615
0.708846	0.104784	-0.697537
0.037719	0.969782	0.241040
0.729779	0.460221	0.505587
-0.643321	0.734883	-0.214674
0.613543	-0.556607	0.560137
0.454479	-0.814393	0.360849
-0.660710	0.747679	-0.066629
0.670291	-0.490108	0.557229
0.616070	-0.081580	0.783456
-0.354877	-0.934833	0.012244
0.120472	0.043056	0.991783
0.187898	-0.643267	0.742228
0.788691	-0.505444	-0.349991
0.218192	0.013958	0.975806
0.860058	0.392574	-0.325862
-0.750126	0.300048	-0.589307
0.632723	0.716959	-0.292628
0.412820	0.710012	-0.570494
0.687345	-0.411742	-0.598352
-0.849985	0.323906	0.415464
-0.341513	0.465641	-0.816424
-0.724149	-0.558145	0.405071
0.979873	-0.085610	-0.180330
0.524853	0.850280	0.039418
-0.978672	-0.200371	-0.045297
-0.009278	-0.936002	0.351872
0.182001	-0.832111	-0.523896
-0.275311	-0.866607	-0.416169
0.343379	-0.931931	-0.116597
-0.233351	-0.735262	-0.636346
0.972711	0.153352	-0.174115
0.062375	-0.569107	0.819894
-0.604359	-0.764994	-0.222562
-0.094760	0.990143	-0.103142
-0.247019	-0.460246	-0.852734
0.815078	0.573503	0.082109
0.602391	-0.721994	-0.340367
0.347154	-0.841424	-0.414113
-0.061815	0.947812	0.312781
-0.106116	-0.305291	-0.946328
0.791633	-0.381080	0.477594
-0.216108	0.907548	-0.360075
0.791261	0.160697	-0.589985
-0.612135	-0.353054	0.707562
-0.244878	-0.967393	0.064696
0.144259	0.104209	-0.984038
0.482606	0.365885	0.795751
-0.617339	-0.326950	0.715539
0.290289	0.412453	-0.863490
-0.368949	0.106681	-0.923307
-0.343216	0.878804	-0.331522
-0.650216	0.085510	0.754922
-0.836264	0.537231	-0.109750
0.036892	-0.245299	0.968745
0.796643	-0.233412	0.557566
0.387252	-0.003213	0.921968
-0.044562	0.283142	0.958042
0.882852	-0.164630	0.439851
-0.568711	-0.733404	0.372406
-0.539043	-0.366110	0.758548
-0.783687	0.619538	-0.044794
0.041715	0.310612	0.949621
-0.114334	-0.206167	0.971814
-0.297853	0.685815	-0.664035
0.056824	0.228938	0.971781
-0.101879	-0.994700	-0.013852
-0.923862	-0.225938	-0.308919
-0.690430	0.573755	0.440582
0.716155	0.494869	-0.492165
-0.932381	-0.361364	0.009078
-0.400307	-0.850351	-0.341553
0.124988	-0.825751	0.550011
0.087464	-0.987324	-0.132445
-0.640891	0.489645	0.591191
0.424161	-0.381092	0.821496
0.380142	0.735409	0.560951
0.228930	-0.900902	0.368736
-0.490856	0.781321	0.385484
0.320704	-0.657811	0.681494
-0.412999	-0.880331	-0.233342
0.027494	0.999597	0.007121
-0.884780	-0.411689	0.218349
0.987724	-0.089896	-0.127751
0.084898	-0.411291	-0.907542
0.098910	0.845438	-0.524834
0.765387	0.088656	0.637434
0.347162	-0.774620	0.528623
-0.191816	0.417407	0.888244
0.322181	-0.240726	-0.915560
-0.741628	-0.486315	-0.462044
0.773240	0.441885	-0.454793
0.683182	-0.205554	-0.700721
0.167856	-0.374036	-0.912097
0.790754	-0.587103	-0.173254
0.926832	0.329352	0.180302
0.858999	-0.465117	-0.213978
-0.862883	-0.364057	-0.350565
-0.337761	0.495471	-0.800266
-0.709490	0.703700	0.037821
0.946236	-0.002148	-0.323470
0.368531	0.514516	0.774247
0.130396	-0.451602	0.882639
-0.954018	0.288647	0.080826
0.839489	0.514230	-0.175571
-0.259440	-0.844631	-0.468282
0.555949	0.699415	-0.449154
-0.877766	0.094019	-0.469774
0.622787	-0.080637	-0.778225
0.421812	-0.898592	-0.120859
-0.595922	0.451569	-0.664050
-0.176908	0.649161	0.739793
-0.231886	0.857849	-0.458611
-0.262321	-0.594000	-0.760495
0.292393	0.570568	0.767436
-0.107891	-0.959698	-0.259496
0.880797	0.453890	-0.134836
0.064502	0.719385	-0.691610
-0.354762	-0.100458	-0.929544
-0.842479	-0.412314	-0.346737
0.055301	-0.996743	0.058695
0.600121	-0.594371	0.535330
-0.060732	0.702572	-0.709016
-0.931976	0.206645	-0.297855
-0.761741	0.001066	-0.647880
-0.136020	0.021620	0.990470
0.383606	0.498770	0.777222
-0.567184	0.628076	0.532750
-0.311830	-0.949746	-0.027291
0.461522	0.880556	-0.107784
0.154292	0.239131	0.958650
0.441542	0.012784	0.897149
-0.036369	-0.974253	0.222507
0.046486	0.973545	0.223715
-0.939943	-0.268274	0.211038
0.558229	0.030446	0.829128
-0.603937	-0.534625	-0.591131
-0.880549	-0.084258	-0.466406
0.949508	-0.312323	0.029828
-0.009666	-0.812320	0.583132
0.044900	-0.943688	-0.327776
0.652043	-0.668079	-0.358484
-0.638783	-0.762232	-0.104684
0.725495	-0.236892	0.646172
-0.924082	0.379987	0.041018
-0.174166	-0.774477	0.608154
-0.395930	0.126484	-0.909528
0.599087	-0.195527	0.776443
-0.550778	-0.728977	-0.406492
0.876816	0.476030	-0.067741
0.854029	0.519650	-0.024471
0.522182	0.472042	-0.710283
-0.829980	0.548639	0.100640
0.680286	0.728518	-0.080450
0.322763	-0.394497	-0.860347
-0.872054	-0.307888	-0.380430
0.182180	-0.358747	-0.915484
-0.290467	0.915888	0.277089
0.495446	-0.031604	-0.868064
0.987045	-0.088213	0.134021
0.419550	0.907718	0.005153
0.106041	0.979049	0.173835
0.187602	-0.866279	0.462997
-0.691101	0.179085	0.700220
-0.054024	-0.847475	0.528079
-0.347616	-0.628337	-0.695956
0.933929	0.111126	-0.339747
0.739648	0.522531	-0.424125
-0.394300	0.354749	-0.847751
0.861489	0.175254	0.476574
0.373930	-0.141598	-0.916584
-0.477506	-0.146165	-0.866386
-0.726609	0.192460	0.659545
0.541311	-0.685812	0.486460
0.092247	-0.866575	0.490447
-0.243497	0.961538	-0.127099
0.278108	-0.510451	-0.813692
-0.751639	0.161709	-0.639444
-0.660697	-0.736639	0.144367
-0.009346	0.994159	-0.107524
0.590414	0.348279	0.728089
-0.928840	-0.362273	0.077556
-0.149596	-0.917299	-0.369029
-0.252777	-0.962966	0.093810
0.185538	-0.113938	0.976009
-0.212782	0.899638	0.381281
0.971038	0.031876	0.236789
-0.244702	0.057823	0.967873
0.559051	-0.634632	-0.533577
0.063054	-0.978588	0.195935
0.699789	-0.243245	0.671660
-0.862867	-0.400161	0.308758
-0.437859	-0.607069	-0.663134
0.998854	-0.035037	0.032614
-0.230155	-0.180650	0.956240
0.404647	0.089328	0.910099
0.713500	-0.180499	-0.677007
-0.286029	-0.706517	0.647318
-0.089812	0.958871	0.269258
0.358448	-0.507848	-0.783330
-0.913766	0.231107	-0.334099
0.052578	-0.956553	-0.286779
0.358944	0.597319	0.717195
-0.776150	-0.103417	0.622009
0.202204	-0.352307	-0.913780
-0.250798	0.824358	-0.507478
-0.818226	0.539388	-0.198911
-0.461297	0.857477	0.227900
-0.180535	-0.979289	0.091654
-0.828504	0.138733	-0.542525
0.575519	-0.613716	0.540492
0.229639	-0.561423	0.795028
0.205968	0.547478	-0.811077
0.703648	-0.687919	0.177894
0.061615	0.714079	0.697348
-0.425919	-0.774991	-0.466886
-0.858231	-0.277905	-0.431518
-0.056687	-0.912165	-0.405883
-0.200787	-0.147971	-0.968395
-0.254568	-0.404177	0.878542
-0.238352	0.688693	0.684755
-0.293332	0.456900	-0.839761
0.460094	-0.863315	-0.207364
0.395995	-0.619575	0.677728
0.910885	0.185769	-0.368482
0.599658	0.155298	-0.785043
-0.764638	0.129485	-0.631318
0.597538	0.752608	0.276640
0.583570	0.112305	-0.804260
0.811185	-0.230936	0.537260
0.879915	-0.329142	-0.342660
0.746032	-0.170950	-0.643594
-0.348917	0.663449	-0.661886
-0.495565	0.866836	-0.054875
0.095690	-0.116744	-0.988541
0.148610	0.687019	-0.711281
0.725144	-0.681716	0.097107
-0.111265	0.196060	-0.974259
0.429973	-0.826295	-0.363814
-0.011359	-0.613684	0.789470
0.096760	0.957368	-0.272182
-0.861203	-0.396388	0.318129
-0.349628	-0.517596	0.780932
0.551075	-0.771483	-0.318010
0.428991	0.499258	-0.752800
-0.331770	-0.907778	-0.256646
0.928807	-0.230212	-0.290378
0.423209	-0.685751	0.592149
0.316928	0.847897	0.425003
0.883885	0.422199	0.201232
-0.441543	0.888190	-0.127111
-0.291318	0.880006	-0.375131
-0.173718	-0.714190	-0.678052
-0.516229	0.581050	-0.629197
0.275748	-0.642731	0.714745
-0.364018	-0.931331	0.010665
-0.347614	-0.143387	-0.926609
0.058122	0.935041	-0.349742
0.685719	-0.624203	-0.374380
-0.317082	0.014918	0.948281
0.208713	0.317165	-0.925119
-0.388968	0.606379	0.693548
0.337356	-0.483049	0.807994
-0.022723	0.363358	-0.931373
-0.160582	-0.799809	-0.578376
0.884327	0.448914	-0.128229
-0.554593	-0.669242	-0.494511
-0.951117	-0.222058	-0.214633
0.044084	0.515745	-0.855607
0.858479	0.206120	0.469605
0.169349	-0.679057	-0.714285
0.632955	-0.063611	-0.771571
-0.255783	-0.790070	-0.557104
0.228168	-0.965809	-0.123092
-0.488581	0.063988	-0.870169
0.254457	-0.260463	-0.931349
-0.946782	-0.318908	0.043606
-0.595471	-0.795751	-0.110432
-0.623511	0.723804	0.295538
-0.790696	-0.560101	-0.247157
-0.789507	-0.046062	0.612010
0.540639	0.353985	-0.763154
0.095559	-0.978321	0.183729
-0.122057	-0.983715	-0.131934
-0.264327	-0.463536	0.845734
-0.679973	0.587047	0.439333
0.094335	-0.408176	-0.908016
-0.521159	-0.452235	0.723794
-0.312220	-0.854392	-0.415371
-0.029807	-0.989688	0.140101
0.288968	-0.228548	-0.929658
-0.733512	-0.666762	-0.131863
-0.238659	-0.050071	-0.969812
0.351189	0.836089	-0.421451
0.099299	0.333864	-0.937376
0.946390	0.088776	-0.310587
-0.491297	-0.869220	-0.055527
-0.232930	-0.018759	-0.972313
0.803792	-0.508373	-0.308993
0.006637	0.503151	-0.864173
0.502232	0.852026	-0.147695
-0.035548	0.794063	-0.606796
0.650793	-0.577560	-0.492842
-0.994185	0.018836	-0.106026
0.507330	-0.813331	-0.284796
0.393754	0.599016	0.697235
0.544973	-0.528168	0.651186
0.333274	-0.267025	-0.904227
0.636670	0.558389	0.531839
-0.300332	-0.785181	-0.541564
0.591349	-0.208139	-0.779092
-0.565564	-0.778304	0.272728
0.595273	-0.593060	0.542153
-0.497827	-0.867183	0.012759
0.358809	-0.603911	0.711722
0.621340	0.591324	-0.514074
0.783034	-0.455302	-0.423743
0.629257	0.068725	-0.774153
0.413608	-0.716838	0.561312
0.215118	-0.957808	-0.190598
0.083531	0.262058	-0.961430
-0.609860	-0.784262	0.114033
0.804319	-0.272178	0.528195
0.415525	-0.091147	-0.905003
-0.120843	-0.002696	0.992668
0.072185	0.205108	-0.976074
-0.273975	-0.596782	0.754181
-0.312022	0.524513	-0.792167
0.490890	-0.002971	-0.871216
0.245274	-0.063693	-0.967359
0.693619	0.627519	0.353713
-0.818757	0.271567	0.505854
-0.307534	-0.831905	0.461907
0.474146	-0.511691	-0.716490
0.974852	-0.123615	0.185427
0.887463	0.434182	0.154584
-0.822856	-0.337198	0.457389
0.834979	0.534029	0.132751
-0.524355	-0.628541	0.574446
-0.862976	0.478586	0.161950
0.625827	0.580384	0.521051
-0.023163	-0.946469	0.321963
0.571733	-0.558376	-0.601114
0.121944	-0.992491	0.009572
-0.063075	-0.299841	-0.951902
-0.400413	-0.672228	-0.622720
0.580877	0.631598	0.513483
-0.269700	0.870979	0.410678
-0.492606	-0.792031	0.360592
-0.847699	-0.523996	0.082674
0.024098	-0.492516	0.869969
-0.311908	-0.902126	0.298130
0.943819	0.003091	0.330448
0.853357	-0.296159	-0.429036
-0.582479	0.585629	0.563699
-0.117220	-0.990772	0.068048
0.814617	-0.431313	-0.387775
0.676960	0.466424	0.569362
-0.817858	-0.461941	0.343103
-0.288746	0.812043	0.507161
0.474208	0.174661	-0.862914
-0.393190	-0.879752	0.267279
-0.634143	-0.597838	-0.490359
-0.623395	0.310842	-0.717465
0.297560	-0.874653	-0.382674
-0.822199	0.569046	0.013256
0.224707	0.675041	-0.702727
0.596087	-0.384840	0.704683
0.881170	0.399551	0.252782
0.842276	0.510607	0.172778
-0.504063	-0.245100	0.828158
-0.658144	0.073735	-0.749273
0.344322	-0.029924	-0.938375
0.174233	0.063317	0.982667
0.118949	-0.989036	0.087512
-0.872996	-0.482923	0.068287
0.424871	0.148032	0.893068
0.066180	-0.854996	-0.514394
0.861942	0.505730	0.035953
-0.200993	-0.263375	0.943523
-0.543086	-0.838709	0.040315
0.752534	-0.472593	-0.458638
0.873786	0.439689	-0.207779
0.994073	0.075279	0.078434
-0.720641	-0.489036	-0.491447
-0.162136	-0.549512	-0.819603
0.397642	-0.342296	0.851302
0.468538	0.086130	0.879235
0.654469	-0.425183	-0.625211
0.755376	-0.060464	-0.652496
0.881624	-0.152617	-0.446594
0.065905	-0.540441	0.838797
0.835447	0.148312	0.529180
-0.577965	0.693106	-0.430766
0.730599	-0.594082	0.336589
0.428351	-0.197109	0.881852
0.649686	-0.580695	-0.490614
-0.801208	0.112203	0.587772
-0.491115	-0.101001	0.865220
0.650551	-0.461647	0.603047
-0.999524	-0.022172	-0.021466
0.475458	-0.665688	0.575151
-0.324867	0.939319	0.110190
-0.298746	-0.519440	0.800583
-0.441441	0.767755	0.464415
-0.920672	0.309406	0.237973
0.084724	-0.989816	0.114390
-0.702738	-0.546176	0.455907
-0.992310	-0.026267	0.120957
0.406186	-0.769798	-0.492367
0.416214	0.549309	-0.724587
-0.591971	-0.594225	-0.544489
0.731431	-0.681497	0.023910
0.242006	0.185887	-0.952302
0.547003	-0.330489	-0.769132
0.866569	0.154158	-0.474650
-0.483530	0.861593	0.154456
-0.906339	-0.077378	0.415407
0.695350	-0.574901	-0.431251
-0.300603	0.015484	-0.953624
-0.117493	0.341680	-0.932443
0.933845	-0.319642	-0.160509
-0.041338	-0.945125	0.324084
-0.458143	0.886674	-0.062558
-0.140716	-0.767847	-0.624989
0.801958	-0.586447	-0.113770
-0.074010	0.978852	-0.190714
-0.550507	0.798023	0.245155
0.286167	0.074708	0.955263
-0.215771	0.375894	0.901191
-0.737231	-0.368059	-0.566590
-0.597361	0.185888	-0.780131
-0.974879	0.093748	0.202043
-0.582801	0.812530	0.011759
0.823270	0.426460	-0.374644
-0.954355	0.209502	0.212873
-0.659796	-0.730841	-0.174758
0.232112	0.569243	-0.788725
0.265775	-0.890287	-0.369801
-0.625943	-0.572480	-0.529587
-0.813568	-0.370029	0.448537
0.350618	0.512950	0.783549
0.471579	0.222275	-0.853351
0.084093	0.207786	0.974553
-0.294250	0.523432	0.799647
-0.251560	0.317372	-0.914326
0.129479	-0.181902	-0.974755
0.926163	-0.376699	-0.017904
0.311619	-0.774759	-0.550129
0.224850	0.273585	-0.935197
-0.381315	0.909754	0.164153
0.183524	0.961810	-0.203078
-0.550610	0.487303	-0.677764
0.968812	0.030343	-0.245930
-0.475202	-0.199674	-0.856921
0.212343	-0.956442	-0.200322
-0.227631	-0.817482	0.529062
0.210872	0.177614	0.961242
0.200013	-0.295521	-0.934164
0.589076	-0.804357	0.077457
-0.202352	-0.949999	0.237814
-0.364989	0.056549	0.929293
-0.664618	-0.447566	-0.598304
-0.897897	-0.188044	-0.398020
0.078418	-0.950528	-0.300577
0.334027	-0.916989	0.218078
-0.370331	-0.924971	0.085349
0.920632	-0.330716	0.207520
-0.536109	-0.408265	-0.738855
0.025617	-0.562084	-0.826683
-0.373238	0.193800	-0.907268
0.302243	-0.723383	0.620778
-0.952877	-0.043964	-0.300153
-0.498901	0.735397	0.458573
-0.134332	0.899738	-0.415242
0.159253	0.980135	-0.118208
0.470417	-0.546941	0.692505
-0.951756	0.104575	0.288488
0.046404	0.996689	-0.066770
0.147219	0.974188	0.171128
-0.275327	-0.957557	-0.085324
0.665354	-0.642716	0.379764
0.340258	-0.685538	-0.643632
-0.243690	-0.443364	0.862580
-0.529050	0.750846	-0.395395
0.472399	0.778509	-0.413235
0.722215	0.051955	0.689714
-0.024767	-0.149458	-0.988458
-0.518819	0.423932	0.742367
-0.725780	0.103776	-0.680054
-0.483109	-0.185515	0.855681
0.089294	-0.187506	0.978196
-0.833249	-0.139027	-0.535133
0.770627	0.109140	0.627872
0.124608	0.768328	0.627810
0.083956	0.436879	0.895594
-0.156547	0.635175	0.756337
-0.219439	-0.622647	-0.751104
0.153359	0.775853	0.611991
0.043856	-0.810190	-0.584524
0.118446	-0.370579	-0.921217
-0.942581	0.296809	0.153117
0.192593	-0.979616	0.057108
-0.763205	0.616138	0.194661
-0.476143	-0.676777	0.561480
-0.877668	-0.022223	-0.478754
-0.239729	0.468982	0.850051
0.422043	0.823578	-0.378944
-0.696343	0.264169	-0.667324
-0.097550	0.718795	0.688344
0.884619	0.401828	-0.236610
0.347162	0.680049	-0.645765
0.702071	-0.695990	0.150645
0.969005	-0.099094	0.226294
0.523028	-0.302265	-0.796918
-0.047068	-0.886447	0.460431
0.966141	0.155849	0.205626
-0.129475	0.411735	-0.902059
-0.699891	-0.466002	0.541291
0.802453	0.589241	0.094146
-0.745525	0.652546	0.135560
0.517171	-0.259688	0.815534
0.766959	0.401078	0.500909
0.198882	0.571894	0.795854
0.238638	-0.963631	0.120283
-0.337488	-0.940681	-0.034944
0.511775	-0.247028	-0.822839
0.718444	-0.692933	0.060679
0.433020	0.310898	0.846071
-0.868475	0.483140	-0.111023
-0.745908	-0.610883	0.265412
-0.935093	-0.344594	-0.082798
0.373484	0.810902	-0.450497
-0.719633	0.589476	-0.366941
-0.554766	-0.501950	0.663537
0.049336	-0.980179	-0.191874
0.228300	0.970675	-0.075292
-0.300648	-0.046429	-0.952604
-0.106761	-0.811649	-0.574307
0.679238	0.648937	0.342805
0.420459	-0.502898	-0.755187
0.504332	-0.161128	0.848344
0.161095	-0.966901	0.197866
-0.320948	0.573869	-0.753437
-0.297201	-0.101512	-0.949404
0.364115	-0.798079	-0.480094
-0.283533	0.214782	0.934600
0.121743	0.433120	-0.893076
-0.683124	0.660890	0.310751
0.346098	-0.844486	0.408729
-0.973882	-0.226322	0.018243
-0.930987	-0.279382	-0.234965
0.209855	0.563147	0.799266
-0.237416	-0.896640	-0.373725
0.234653	-0.114923	0.965262
0.249320	-0.926390	0.282207
0.460774	0.821561	-0.335746
0.911293	-0.014937	0.411487
0.840385	-0.370621	-0.395465
0.041990	-0.990303	-0.132428
-0.839314	-0.074957	0.538455
-0.315374	-0.947790	-0.047266
0.099592	-0.994826	-0.020085
0.799084	0.511050	0.316691
-0.429016	-0.894519	0.125620
-0.236610	0.266555	-0.934326
0.798925	-0.242391	-0.550423
-0.460938	0.260221	0.848423
0.983233	-0.178906	0.035302
0.276307	-0.734757	-0.619505
0.583465	-0.746611	-0.319594
-0.112655	0.423357	-0.898931
-0.206199	0.948432	0.240746
-0.934805	-0.346945	-0.075954
-0.475750	0.635502	-0.608111
0.408792	-0.860032	-0.305343
-0.948776	0.248058	-0.195681
0.177271	0.952585	-0.247298
0.956844	-0.042945	-0.287412
0.292137	-0.937308	-0.190023
-0.708559	0.435014	0.555614
-0.779122	-0.391015	-0.489977
-0.330221	-0.597790	0.730480
-0.039128	0.944321	-0.326692
-0.031263	-0.928558	-0.369868
0.182272	0.828810	0.529009
-0.294424	-0.784261	-0.546122
-0.607062	-0.412541	-0.679180
-0.709256	-0.164050	-0.685597
0.961947	-0.073749	-0.263097
0.190775	0.899391	0.393319
-0.272968	0.109360	-0.955787
0.039287	0.257597	0.965453
0.582704	-0.471749	0.661747
0.173660	-0.984442	0.026748
0.762647	-0.608412	0.219552
0.057730	-0.550199	0.833036
0.033002	0.211115	0.976904
-0.863596	0.295140	-0.408773
0.928446	-0.356210	-0.105366
-0.145914	0.989190	0.014590
-0.627017	-0.536597	-0.564725
-0.009263	0.998070	-0.061399
-0.081162	0.088444	0.992769
0.535414	0.804330	-0.257655
-0.191391	0.572580	-0.797196
0.330413	-0.569324	-0.752793
-0.720802	0.692984	-0.014756
-0.450573	-0.462775	0.763428
0.472880	0.528944	-0.704701
0.822766	-0.400277	0.403527
0.337687	-0.936101	-0.098396
0.741171	-0.453741	0.494757
-0.172458	0.625463	0.760956
-0.140552	0.416325	0.898287
-0.270911	0.838529	0.472733
0.903935	0.420424	-0.078392
-0.669273	0.732326	0.125589
-0.872574	-0.403342	0.275553
-0.441817	-0.525188	0.727307
-0.713264	0.049953	0.699113
-0.407010	0.911959	0.051710
-0.572653	0.490364	-0.656972
0.519118	0.648394	-0.556868
0.821931	0.372432	0.430958
0.612726	-0.713817	0.339163
-0.993705	-0.026716	-0.108801
0.279221	0.139792	-0.949997
-0.805424	-0.434874	-0.402713
0.768072	0.640327	-0.006842
-0.515763	0.779073	0.356418
0.068223	-0.908183	0.412976
-0.073117	-0.645324	-0.760402
0.707153	-0.267020	-0.654703
0.215498	0.541720	-0.812465
-0.603481	-0.647809	0.464924
0.319234	0.906367	-0.276745
0.645587	0.094370	0.757833
0.035593	0.276283	-0.960417
-0.191331	-0.828591	-0.526146
-0.438049	-0.366705	0.820756
0.447189	-0.145209	-0.882574
0.335073	0.841054	0.424681
0.582720	-0.772068	0.253671
0.437309	0.890357	0.126591
0.919062	0.393927	-0.012104
0.932700	0.353359	-0.072170
0.156669	0.898025	-0.411103
0.510836	-0.814974	-0.273612
0.519862	-0.845513	0.121867
-0.887171	0.459075	-0.046664
-0.304246	-0.951713	-0.040945
0.215316	-0.228830	0.949356
-0.963316	0.264926	0.042863
0.045831	-0.025721	-0.998618
0.652936	0.710808	0.261584
-0.897194	0.270576	-0.349044
0.685551	0.282184	0.671113
0.523580	0.775584	-0.352610
0.863147	0.492513	-0.111392
0.390336	0.109442	-0.914144
0.682073	0.719418	-0.131202
0.982723	0.184817	0.009868
-0.378323	0.143779	0.914439
0.656518	0.056202	-0.752214
0.412625	0.908785	-0.062056
-0.653908	-0.752921	-0.074264
-0.614287	-0.336594	0.713692
0.736987	0.160240	-0.656638
-0.239523	0.384872	-0.891348
0.478509	0.817499	0.320508
-0.755960	-0.224858	0.614788
-0.806298	0.286441	0.517528
-0.666935	-0.745033	0.011098
0.960626	-0.269044	0.069384
0.926477	-0.200201	-0.318686
-0.520733	-0.467520	-0.714326
-0.059056	0.545008	-0.836349
-0.210231	0.425113	0.880388
-0.191453	-0.612982	-0.766550
-0.120370	-0.313958	0.941776
0.526958	-0.300664	-0.794932
-0.316802	0.926077	-0.204982
0.902681	0.191791	0.385206
-0.541833	0.547690	0.637537
-0.989175	-0.007177	0.146567
0.332751	0.811172	-0.480913
0.063929	0.438924	-0.896247
0.539513	-0.647096	0.538696
0.329603	0.940132	0.086679
-0.046733	0.965291	0.256964
-0.582551	-0.305167	-0.753331
-0.882318	0.447155	-0.146856
0.289748	0.671438	0.682068
0.157188	0.014266	-0.987466
-0.320172	-0.262115	-0.910377
0.627164	0.173007	0.759430
-0.559962	-0.814203	0.153350
-0.923313	0.158941	-0.349614
-0.659367	-0.733262	0.166018
0.741591	-0.669380	-0.044424
0.120609	-0.688861	-0.714790
-0.741728	-0.198571	0.640632
-0.624427	0.487139	-0.610563
-0.098085	0.812241	0.575016
-0.065845	-0.830924	-0.552476
0.416413	0.837987	-0.352674
0.103890	-0.193954	0.975494
-0.971457	-0.081096	0.222921
-0.519320	-0.707636	-0.479122
0.968777	0.047552	0.243332
0.210752	0.486636	0.847802
-0.477971	-0.589901	0.650816
0.506579	-0.854686	-0.113530
0.437268	0.641868	0.629922
0.571569	0.129589	-0.810257
-0.388344	-0.566749	0.726625
-0.065890	0.063878	-0.995780
-0.612669	0.202233	0.764028
-0.280227	-0.167759	-0.945161
-0.810866	-0.059685	-0.582180
0.749644	-0.643704	-0.153878
0.975750	0.217616	-0.023566
-0.797092	-0.461826	-0.389052
-0.536865	0.230343	-0.811615
0.183725	-0.965088	0.186681
-0.098519	0.349963	0.931568
0.007575	0.804938	0.593311
-0.244779	0.717407	0.652234
-0.333919	0.543769	0.769944
0.941493	-0.333452	-0.048985
-0.357132	-0.930449	-0.081986
-0.853322	-0.216347	-0.474379
0.152912	-0.804422	0.574041
0.363454	-0.899586	0.242170
0.225772	0.168614	0.959477
-0.555229	-0.681758	-0.476368
0.885940	0.133329	-0.444223
0.552126	0.576763	-0.602081
-0.062727	0.265236	0.962141
0.717490	-0.037164	-0.695576
0.313113	-0.615127	0.723588
0.120443	-0.357575	-0.926085
-0.654899	-0.517610	0.550624
0.068241	-0.787095	0.613046
-0.766616	-0.615727	0.182153
-0.050740	0.154932	-0.986621
0.106812	0.108760	0.988313
0.564371	0.765307	-0.309501
-0.446991	0.884144	-0.135972
0.710788	0.435190	0.552621
0.204428	-0.456571	-0.865882
-0.989643	-0.096361	-0.106401
0.722621	0.333032	-0.605730
-0.684202	0.679317	0.265324
-0.736824	0.584035	0.340577
-0.267859	0.620703	-0.736871
0.030267	-0.216016	-0.975921
-0.074874	-0.997036	-0.017702
0.480294	0.167354	-0.860994
-0.992870	0.033392	-0.114431
0.101723	0.143947	0.984343
-0.231350	-0.772801	0.590979
-0.777317	0.596903	-0.198707
0.810233	-0.277958	0.516005
-0.760137	0.294302	-0.579291
-0.063666	-0.282623	-0.957116
-0.410493	-0.892420	0.187303
-0.417812	0.626671	-0.657812
-0.230097	0.464015	-0.855421
0.505103	-0.412578	0.758057
0.687330	0.053323	-0.724385
0.631552	-0.350097	-0.691790
-0.347433	0.934434	0.078252
-0.234515	0.482253	0.844058
-0.202745	-0.059376	-0.977430
-0.139032	-0.375543	-0.916317
-0.771536	0.629454	-0.092304
0.141057	-0.228313	-0.963315
-0.723629	-0.689537	-0.030011
-0.425188	0.822950	0.376788
0.022017	0.995297	-0.094334
-0.282157	-0.839273	0.464768
-0.501142	0.547902	0.669821
0.464439	-0.262299	0.845870
0.103341	0.510865	0.853427
-0.929464	0.357158	-0.092390
0.700565	-0.599703	-0.386735
-0.660484	0.169645	0.731425
0.222068	0.182497	0.957800
-0.027808	0.489471	0.871576
-0.688673	-0.469902	-0.552197
0.285557	-0.852108	-0.438600
0.259821	0.965482	-0.018389
0.070470	0.345784	0.935664
-0.860678	-0.452828	0.232767
0.824226	-0.564245	-0.047741
-0.592836	-0.798108	-0.107558
-0.700772	0.417245	-0.578641
0.956944	0.277269	0.085910
0.975983	-0.188699	0.108859
0.966631	-0.213806	-0.141111
-0.511422	0.296095	0.806706
0.855927	0.265781	0.443564
-0.294624	-0.747250	0.595662
-0.619608	0.721212	0.309741
0.369122	-0.840716	-0.396165
0.032395	-0.869217	-0.493368
0.981692	0.171641	0.082580
0.447777	0.390346	-0.804441
0.633592	-0.604340	-0.483046
0.957126	-0.122551	0.262472
-0.270325	0.634026	-0.724524
-0.436678	-0.311546	0.843950
0.728993	0.050355	0.682666
-0.204742	-0.376024	0.903707
0.207852	0.975539	-0.071564
0.125276	0.614516	-0.778894
0.235045	0.193407	-0.952548
-0.996114	-0.047243	-0.074332
0.000648	0.503644	-0.863911
0.906348	-0.419177	0.053147
0.027149	-0.554435	-0.831784
0.194027	0.264663	0.944620
0.462381	0.804484	0.372841
0.061777	0.989395	-0.131455
-0.869724	0.069832	-0.488573
0.474226	-0.709431	-0.521361
-0.026863	-0.117497	-0.992710
0.460146	-0.286370	0.840392
0.647351	0.761571	-0.030754
-0.077045	-0.191533	-0.978458
-0.511059	-0.697759	0.501947
-0.921492	0.030094	-0.387229
0.253712	0.966717	-0.032984
-0.228938	0.823683	0.518780
0.993576	-0.104268	-0.043984
-0.728722	-0.430296	0.532737
0.787809	-0.613662	0.052683
-0.277499	0.750137	-0.600240
0.472593	0.566216	0.675319
-0.821185	0.549331	-0.154568
-0.694993	-0.419784	0.583751
0.568962	0.132604	0.811602
0.396914	0.589289	0.703703
-0.221327	-0.963369	-0.151442
-0.884938	-0.353194	-0.303543
0.315212	-0.849846	-0.422377
-0.153641	0.373870	-0.914667
0.043124	0.476291	0.878230
-0.871652	0.440372	-0.215164
-0.523712	0.642263	0.559664
-0.644376	-0.621313	0.445814
-0.084758	-0.020590	-0.996189
-0.627294	0.497458	0.599198
0.440985	-0.478414	0.759376
-0.850442	-0.438976	-0.289911
-0.384839	0.594558	-0.705974
0.010403	0.133437	0.991003
-0.952029	-0.281090	0.120951
-0.000569	-0.544317	0.838880
0.820739	0.317524	-0.474937
-0.256765	0.964416	-0.063039
0.539208	-0.745172	-0.392393
-0.499807	-0.853961	0.144718
-0.246990	-0.948170	0.199925
-0.882459	0.124677	0.453566
-0.459082	-0.856793	-0.234839
-0.114706	0.801801	0.586479
0.220035	-0.346119	0.912023
-0.122236	-0.721356	0.681692
0.863954	-0.502870	0.026561
-0.657420	-0.633304	0.408319
-0.806814	-0.470795	-0.356936
0.127822	-0.014329	-0.991694
0.430873	0.323374	0.842483
-0.317676	0.103364	0.942548
-0.292201	0.751953	0.590919
0.825856	-0.013779	0.563713
0.397115	0.169342	-0.902011
-0.888930	0.071580	-0.452415
-0.046489	-0.805291	0.591054
-0.520121	-0.043825	0.852967
-0.158138	0.975069	0.155667
0.423380	-0.836103	0.348829
0.423214	-0.047598	-0.904779
-0.801064	-0.511840	0.310349
0.929449	-0.219919	0.296244
0.319852	-0.939062	-0.125925
0.053590	-0.847181	-0.528595
-0.919343	0.121733	-0.374151
0.906767	-0.370119	0.201956
0.439030	0.898312	0.016966
-0.724965	-0.582738	-0.367209
-0.117297	-0.825662	-0.551837
0.158502	-0.602718	0.782054
-0.213812	0.960493	0.178152
-0.029672	0.534328	0.844756
-0.643167	-0.612679	0.459305
-0.020557	-0.470664	-0.882073
-0.309516	-0.893373	0.325705
-0.596607	-0.642792	0.480498
-0.803940	-0.039722	-0.593382
0.831161	0.487875	0.266739
0.462200	0.463262	-0.756148
-0.786530	0.494677	0.369682
0.329778	-0.517902	-0.789318
0.565438	0.247879	-0.786661
-0.536521	-0.842147	-0.054159
-0.402038	-0.575823	-0.711894
-0.795558	-0.564777	0.219351
0.086867	-0.981431	0.171020
0.873417	-0.483339	0.059381
0.278137	-0.846590	0.453789
0.444695	-0.549412	-0.707384
0.173626	0.941925	-0.287458
0.484990	-0.733286	-0.476524
-0.508172	0.437134	-0.742075
0.575821	0.233163	0.783623
0.409331	0.805150	0.429164
-0.169440	-0.981617	0.087850
-0.232590	-0.816956	0.527716
-0.667627	-0.120313	-0.734710
-0.962112	-0.232268	0.142801
-0.214144	-0.153311	-0.964696
-0.497654	0.785608	0.367642
0.807002	-0.524884	0.270638
-0.011617	-0.914287	-0.404900
0.884038	-0.326005	-0.334958
0.336350	-0.804535	0.489482
-0.000501	-0.222548	0.974922
-0.298441	-0.079250	0.951132
-0.756917	0.414232	-0.505458
0.244714	0.968467	0.046768
-0.070079	0.575942	0.814481
-0.465550	-0.206852	-0.860509
0.327217	-0.602022	-0.728354
-0.365905	0.019786	-0.930442
0.514077	0.218589	0.829423
0.531795	0.766742	0.359586
-0.526570	-0.071966	-0.847080
0.619976	-0.307049	0.722046
0.821768	0.144690	0.551146
-0.020878	0.451064	0.892247
-0.348499	-0.856397	-0.380963
-0.525867	0.746804	-0.407120
0.614025	0.777767	-0.134360
0.976726	-0.170338	0.130354
-0.531714	0.804760	0.263896
-0.354796	0.449351	-0.819880
-0.843663	0.071480	-0.532094
0.699291	0.259610	0.666029
0.477803	-0.292864	-0.828212
-0.166936	-0.075547	0.983069
0.179222	-0.983792	-0.005733
0.547507	-0.651108	0.525637
0.541453	0.061427	-0.838484
-0.910496	0.073242	0.406980
0.833833	0.390219	0.390450
-0.564299	-0.802119	0.195379
-0.148364	-0.531020	-0.834270
0.148152	-0.801831	0.578894
0.135427	-0.145456	0.980052
0.880424	-0.039804	-0.472513
0.607873	-0.045885	0.792708
-0.776804	0.626529	-0.063530
0.091319	-0.293321	0.951643
0.003921	-0.466818	0.884345
0.638451	0.059539	-0.767356
-0.014387	0.931394	-0.363727
-0.350306	0.680293	-0.643806
-0.054908	0.868597	-0.492467
-0.321989	-0.271873	-0.906867
-0.091778	-0.108243	0.989879
-0.713286	-0.605023	0.353794
-0.207291	-0.890904	-0.404129
-0.672660	-0.714619	0.191960
0.114215	0.129168	0.985023
-0.451590	-0.652627	-0.608395
-0.263166	0.874785	0.406810
0.080736	0.682706	-0.726219
0.403278	0.027627	0.914661
0.654797	0.739579	-0.155770
-0.430390	-0.079955	-0.899095
-0.706236	-0.501298	0.499931
0.546419	0.538246	-0.641652
0.272977	0.370951	0.887625
-0.226764	-0.930577	0.287410
0.693740	0.307696	-0.651190
-0.335890	0.619713	-0.709319
-0.401556	-0.419850	0.813928
-0.631479	-0.687631	-0.358325
-0.207946	0.964676	0.161738
0.638649	-0.295823	0.710364
0.357207	-0.834739	-0.419063
-0.398307	0.531927	0.747266
0.540335	-0.248976	0.803772
-0.114507	0.809534	0.575798
-0.924544	-0.098509	0.368124
0.467352	-0.612428	0.637584
-0.698320	0.674963	0.238275
-0.823419	-0.474567	0.311073
0.648381	-0.598510	0.470519
-0.294151	0.955129	0.034697
-0.647124	0.501632	0.574105
-0.609338	0.592939	0.526432
-0.578350	0.795321	-0.181590
-0.144295	0.981477	-0.126026
-0.024064	0.974447	-0.223323
-0.653071	0.110971	-0.749122
-0.680153	-0.455145	-0.574661
0.560202	-0.819032	0.123938
-0.379454	-0.070421	0.922527
-0.385868	0.110283	0.915939
-0.391298	-0.886456	0.247147
0.735590	0.066699	-0.674136
-0.905681	0.390330	-0.165482
0.974937	-0.180078	0.130650
-0.587868	0.808232	0.034240
-0.753129	0.054477	-0.655614
-0.398804	0.839863	0.368220
0.939593	0.001952	-0.342287
-0.239166	-0.187396	0.952724
-0.994061	-0.015282	-0.107746
0.158138	-0.094417	0.982893
-0.079305	-0.765239	0.638843
-0.837062	-0.434433	-0.332559
-0.906332	0.286316	-0.310780
-0.769234	0.566300	0.295945
0.010029	-0.810326	0.585893
0.530667	-0.258271	0.807272
0.627915	-0.079094	0.774253
-0.824630	-0.231942	-0.515933
0.615531	-0.573409	-0.540670
-0.170875	-0.922766	-0.345405
0.473903	-0.673182	-0.567664
0.877864	0.314783	-0.360924
0.979810	0.157985	-0.122528
0.832604	0.320452	0.451753
-0.510937	-0.854395	0.094619
-0.261846	0.941161	0.213666
0.907941	0.209579	0.362933
0.551857	0.597317	-0.581950
0.897776	0.378236	-0.225690
0.976938	-0.009859	0.213297
-0.117089	0.245066	-0.962410
-0.599554	0.788533	-0.136933
0.105609	-0.907260	0.407095
0.684839	-0.623191	-0.377663
-0.552534	0.832905	-0.031241
-0.870213	-0.283634	-0.402842
0.481589	0.449157	-0.752549
0.139102	0.381291	-0.913930
0.741256	0.364035	-0.563931
0.634691	0.683392	-0.360754
0.835027	0.414254	0.362110
0.804176	-0.563846	-0.188095
0.808767	0.098834	0.579766
0.428213	-0.512507	-0.744291
0.511792	-0.855651	-0.077010
-0.514977	0.850502	0.106983
-0.293195	-0.067738	0.953650
-0.506267	-0.285352	0.813799
0.887859	-0.190818	-0.418682
-0.231782	0.507059	0.830162
0.654803	-0.735029	-0.175969
-0.243680	0.244107	0.938633
-0.662684	0.710769	0.235918
0.177757	0.453477	-0.873362
-0.410348	0.876501	0.251716
0.479770	0.874467	-0.071613
-0.437995	0.640852	-0.630451
0.008095	-0.335679	0.941942
0.966278	0.257501	0.000204
0.853444	-0.149439	0.499301
-0.609410	0.791922	-0.038470
-0.854598	-0.474759	-0.210393
-0.475458	0.270847	0.837007
-0.593369	-0.782210	-0.189897
-0.273224	0.952156	-0.136919
-0.045032	0.903697	0.425798
-0.383273	0.568028	0.728318
0.146657	0.281141	0.948394
-0.418438	0.732814	-0.536556
0.139601	0.028951	0.989784
-0.014103	-0.930555	-0.365879
0.214802	0.634022	-0.742883
-0.970089	-0.122180	0.209758
0.726746	0.579946	-0.368106
-0.717410	0.258050	0.647096
0.441943	-0.528234	-0.725021
0.302021	0.247224	-0.920687
0.021760	-0.866800	0.498180
0.947882	-0.315969	-0.041037
0.484034	-0.441822	-0.755318
0.832939	0.553301	-0.008414
0.487954	-0.421763	-0.764210
0.599703	-0.502824	-0.622515
0.012056	-0.919393	-0.393156
0.538289	-0.196261	-0.819589
-0.528071	-0.548948	0.647917
-0.644342	0.287415	-0.708672
0.138794	-0.723887	0.675813
0.385767	-0.302678	-0.871533
0.594648	0.797625	-0.100937
-0.897817	0.353745	0.262278
-0.200055	0.311950	0.928798
0.521645	0.420847	0.742142
-0.238254	0.319600	0.917110
0.155373	0.915842	0.370260
-0.646090	-0.281013	-0.709647
-0.562981	0.313078	0.764876
0.754031	0.262012	-0.602318
-0.051262	0.996357	0.068158
-0.686383	-0.726890	0.022563
-0.991034	-0.035621	0.128772
-0.823122	0.563214	-0.072525
0.210677	0.911057	0.354387
-0.824197	0.413485	0.386949
-0.944220	0.316085	0.092407
-0.602863	0.738188	-0.302712
-0.627381	0.773653	-0.088617
-0.649573	0.756255	-0.078316
0.798738	-0.550992	-0.241712
-0.160073	0.410869	-0.897532
0.170876	0.148371	-0.974057
-0.781179	-0.598902	0.176283
-0.775003	-0.529127	0.345537
-0.240760	-0.631004	0.737474
0.034044	0.967802	0.249399
-0.978023	0.033158	-0.205841
0.699012	0.385650	0.602209
0.786874	0.501132	0.360133
0.969292	0.201660	-0.140734
0.533338	-0.753463	-0.384506
-0.818992	0.181550	-0.544327
-0.906919	-0.305283	0.290344
0.021118	0.282128	0.959144
0.420774	0.712995	0.560881
0.860959	-0.319688	0.395664
-0.246360	-0.926829	0.283364
0.993572	0.100229	-0.052620
0.919584	0.062154	-0.387946
-0.883153	0.406641	0.233845
0.010323	-0.855879	-0.517072
-0.522770	0.644606	-0.557848
-0.218703	-0.091325	-0.971509
-0.909435	-0.057539	-0.411847
-0.461475	0.645451	-0.608632
-0.293879	0.938751	-0.179952
0.159946	-0.975774	0.149273
-0.816020	0.263002	-0.514724
0.306754	0.918861	-0.248186
0.756914	-0.082262	-0.648317
0.773136	-0.081117	0.629032
0.501854	0.785812	-0.361445
0.399260	0.773942	-0.491534
0.203720	0.848448	-0.488503
-0.146717	-0.898928	-0.412799
0.778621	0.388033	0.493133
-0.786196	0.030998	0.617200
-0.781656	0.289774	-0.552308
-0.073738	-0.992426	0.098247
0.753684	0.621230	0.214554
0.807974	-0.114035	0.578078
-0.492319	-0.443853	0.748744
-0.208415	0.700367	0.682678
-0.480293	0.874652	0.065590
0.364364	-0.886439	0.285420
0.876830	0.317299	0.361235
0.709983	-0.096806	0.697533
-0.580813	0.459918	-0.671663
-0.865146	0.288301	-0.410372
-0.479891	0.800105	-0.359912
0.597429	0.499895	-0.627044
0.556539	-0.827595	-0.073147
-0.592837	0.431972	-0.679665
0.584396	-0.281468	0.761089
0.387643	0.919906	-0.059206
0.772527	-0.436831	-0.460847
-0.358273	-0.931699	-0.059810
-0.000678	0.936611	0.350371
0.125010	-0.192159	0.973369
0.120226	0.695814	0.708088
-0.927070	0.068066	0.368656
-0.239265	-0.055428	-0.969371
-0.556411	-0.761290	0.332933
-0.776463	-0.425136	-0.465150
-0.145251	0.248349	0.957719
-0.244374	-0.742277	0.623944
0.061935	0.279877	-0.958036
0.530413	0.847739	-0.000844
-0.062568	-0.544018	-0.836738
0.682592	0.478126	0.552688
-0.348960	-0.739049	0.576224
-0.048226	0.215121	-0.975396
0.910948	0.179857	-0.371248
0.703445	0.706489	-0.077703
0.438468	-0.620837	-0.649851
-0.508933	0.748297	-0.425486
0.426231	0.791794	0.437481
-0.845175	-0.125969	0.519433
-0.221971	-0.709870	-0.668441
-0.371975	-0.615239	-0.695065
0.168800	-0.709146	0.684557
0.731625	0.655241	-0.188109
0.782338	-0.616829	0.086430
0.483546	0.534494	-0.693180
-0.903895	-0.420985	-0.075799
-0.913851	-0.403534	-0.045128
0.024757	0.897399	0.440524
-0.652211	-0.751088	0.102409
-0.687473	-0.261447	-0.677515
0.229584	-0.969987	0.080099
-0.280231	-0.255379	0.925339
0.382526	-0.132435	0.914404
0.040604	0.540416	0.840418
0.411406	0.335668	-0.847391
0.638663	0.695043	0.330190
0.936712	-0.219944	-0.272389
-0.476260	-0.394837	-0.785672
-0.367398	0.923018	-0.114266
-0.411053	0.495650	0.765092
0.687929	0.679753	0.254339
-0.380972	0.580896	0.719319
0.604408	-0.567309	-0.559331
-0.300796	-0.344273	-0.889381
0.123026	-0.482640	0.867135
-0.764589	-0.641887	-0.058189
-0.737888	0.527523	-0.421000
0.709760	-0.502744	0.493447
0.678186	-0.723127	0.130964
-0.374356	0.831503	-0.410439
-0.253031	-0.806858	-0.533812
-0.708069	-0.602143	-0.368865
0.934290	-0.101607	0.341727
0.430557	-0.895097	-0.115857
0.851834	-0.238161	0.466539
-0.148009	0.312047	-0.938467
0.878986	0.387961	-0.277254
-0.105879	0.858640	-0.501525
-0.655608	-0.743514	0.131772
0.626352	-0.192277	-0.755455
-0.911714	0.105373	0.397083
-0.797325	0.147463	0.585259
-0.089059	-0.477313	-0.874209
0.145446	-0.783985	0.603501
-0.444200	-0.873588	-0.198823
-0.063073	0.991226	-0.116161
0.062749	0.443802	0.893925
-0.795335	0.365781	-0.483369
-0.704451	-0.583502	0.404072
0.157512	0.342053	-0.926386
-0.334560	0.111216	-0.935789
0.116666	-0.957032	0.265479
-0.311857	0.112815	-0.943408
0.222861	0.553890	0.802209
0.101582	-0.940856	0.323218
0.293580	-0.474543	0.829831
-0.224303	0.496834	0.838358
-0.078197	0.330143	-0.940686
0.853414	0.374441	-0.362599
-0.754591	-0.006916	0.656160
-0.953281	-0.259198	0.155151
-0.352714	-0.037624	-0.934975
0.527466	0.828078	-0.189908
0.718576	0.467227	-0.515119
0.131881	0.942135	0.308202
0.988020	0.128418	0.085590
-0.291809	0.944376	-0.151660
0.777655	0.493443	0.389572
-0.336901	0.266863	0.902930
0.943030	-0.212262	0.256200
0.978780	-0.157892	0.130613
0.319148	-0.761440	0.564228
0.372997	-0.927799	-0.007831
-0.682487	0.591940	-0.428741
-0.459913	0.481191	-0.746280
-0.295691	0.502822	0.812242
0.223324	0.964543	-0.140652
0.552308	0.630989	0.544802
0.077296	-0.832643	-0.548390
-0.730852	0.551261	0.402452
-0.183228	-0.631538	-0.753384
0.005431	0.933047	-0.359714
0.116746	-0.371998	0.920863
-0.222554	0.700762	-0.677792
-0.979408	0.037980	-0.198288
0.683213	-0.724061	-0.094633
0.964409	-0.050896	-0.259471
-0.644191	0.280704	-0.711493
0.297894	-0.951090	0.081780
0.762774	-0.320731	0.561522
-0.465875	-0.335240	-0.818886
0.320730	0.929497	0.182122
-0.302539	0.666958	0.680909
0.208345	0.571676	-0.793586
0.305485	-0.861077	0.406480
-0.224505	-0.970327	0.089796
0.891862	-0.289084	-0.347868
-0.113880	-0.936015	-0.333028
0.531960	-0.589502	0.607870
0.080184	-0.946198	0.313495
0.812285	0.457438	0.361861
-0.904597	-0.407451	0.125247
0.229870	-0.784926	-0.575370
0.418964	0.117644	0.900350
0.921408	0.369439	-0.120505
0.621739	0.733359	0.275000
0.908482	-0.370069	-0.194188
-0.535504	-0.070018	0.841625
0.056573	0.969921	0.236754
0.817818	-0.275383	0.505310
-0.505797	0.419103	-0.754004
-0.624301	0.351061	-0.697857
-0.498334	0.827862	0.257502
-0.118209	-0.215545	0.969313
0.591727	0.806129	-0.003956
-0.239331	0.545584	-0.803155
-0.148896	-0.023108	0.988583
0.676963	0.451887	0.580963
0.147619	0.017856	0.988883
-0.667549	0.618753	-0.414153
-0.737985	0.520388	0.429621
0.422499	-0.652211	-0.629377
-0.618745	-0.731209	-0.287207
0.141077	0.524687	0.839524
0.228775	-0.730537	0.643411
0.415037	-0.722835	-0.552497
0.419123	0.463647	0.780620
0.645295	-0.676131	0.355585
0.570751	0.103192	0.814613
0.739602	0.629736	0.237531
0.036378	-0.528881	0.847916
0.677426	-0.135965	-0.722916
-0.246621	0.762931	-0.597591
-0.388653	-0.791361	-0.471908
0.500055	0.475415	-0.723827
0.831607	-0.256057	0.492813
0.048367	-0.324501	0.944648
-0.872415	0.125001	-0.472512
-0.994259	0.013254	0.106180
-0.487321	-0.845683	0.217573
0.054886	0.065845	0.996319
0.717496	-0.349994	0.602250
0.904576	0.407409	-0.125539
-0.203882	-0.380692	0.901946
-0.546380	-0.675776	-0.494769
0.534440	-0.576553	0.618029
-0.138444	0.555639	-0.819816
0.634549	-0.098154	-0.766625
-0.898458	-0.357647	-0.254682
-0.738694	-0.170917	0.652011
0.538835	0.722711	0.432836
0.270363	0.934607	-0.231115
0.438461	-0.873290	0.212407
0.140660	-0.516929	0.844393
-0.394551	-0.266128	-0.879491
0.661408	0.538178	-0.522402
0.871336	-0.201939	-0.447207
-0.600193	-0.487618	0.634032
-0.822781	0.183581	0.537894
0.000213	-0.912696	0.408640
-0.404343	-0.766898	-0.498372
0.265301	-0.821580	-0.504600
0.433315	0.283540	0.855478
-0.661753	0.540981	0.519059
0.706998	-0.415616	-0.572203
0.087209	0.995908	0.023710
0.302171	0.327150	0.895358
-0.386850	0.654235	-0.649864
0.041044	0.404393	0.913664
-0.816888	-0.572724	0.068424
-0.268800	-0.950355	-0.156753
-0.321147	-0.765784	-0.557170
-0.166694	-0.254984	-0.952469
0.830047	-0.349830	0.434328
-0.068012	0.830196	0.553307
0.443975	0.370892	-0.815674
-0.961955	0.251265	0.107276
0.068591	-0.690420	-0.720150
0.798817	0.425336	0.425419
-0.518564	0.800462	0.300587
0.679006	0.620016	0.393104
0.831855	0.534841	0.148200
0.266291	-0.962465	0.052436
-0.736624	0.638825	0.222008
0.740331	0.545036	0.393505
0.845861	0.361117	-0.392572
0.463065	-0.845380	-0.266276
-0.370468	-0.294662	0.880868
0.265873	-0.962132	-0.060107
-0.082639	0.880757	-0.466303
0.940844	-0.196216	-0.276247
0.964077	-0.265601	-0.003245
-0.779867	-0.592929	0.200603
-0.076094	-0.907728	-0.412600
0.728562	0.523236	0.442065
0.194275	-0.894793	-0.401999
-0.261302	0.930984	-0.254932
-0.485059	0.157080	-0.860258
0.348782	0.627186	-0.696412
0.737253	0.262228	-0.622651
0.391383	-0.742423	-0.543716
0.528079	-0.800256	0.284118
0.529535	-0.475087	0.702769
-0.406640	0.315474	0.857391
-0.662242	0.722667	0.197959
-0.371588	-0.743435	-0.556081
0.819789	0.198629	0.537115
-0.988878	-0.014774	0.147996
-0.523865	0.493615	0.694197
-0.119037	0.828305	-0.547486
0.121622	0.484800	0.866128
0.517090	-0.743894	0.423367
0.596025	0.697579	0.397664
0.580159	0.000901	0.814502
-0.996184	0.061689	0.061748
0.723238	-0.577751	0.378326
-0.950619	0.295453	0.095029
-0.619464	-0.676041	0.399039
0.767980	0.144959	0.623854
-0.237307	-0.167050	0.956964
-0.528640	-0.704628	-0.473328
-0.738855	0.673862	0.001644
0.319398	0.842267	0.434248
-0.273398	-0.422472	-0.864159
0.470692	-0.860613	0.194408
-0.927963	0.371658	0.027479
-0.622875	0.674680	-0.396022
0.652381	-0.724571	0.222251
0.172008	-0.975828	-0.134809
-0.269153	-0.370742	0.888880
-0.724258	-0.094280	-0.683053
0.887209	0.461358	0.002943
-0.997772	-0.026900	-0.061054
-0.344435	-0.312148	-0.885397
0.226353	0.969638	0.092552
0.829958	0.264195	-0.491295
0.832404	-0.399336	-0.384231
0.602616	-0.691281	-0.398728
-0.835161	0.302770	0.459170
0.228108	-0.680762	-0.696082
-0.797261	-0.159814	0.582095
0.326278	-0.421542	-0.846076
0.039308	-0.301686	-0.952597
-0.456797	-0.714725	0.529627
0.617393	0.164443	0.769275
0.022527	0.169456	0.985280
-0.526333	0.664373	-0.530643
0.762588	0.578916	0.288646
-0.013109	-0.592350	0.805574
-0.476024	-0.246108	-0.844294
-0.370229	-0.320807	0.871787
0.446865	-0.506684	-0.737281
0.646266	0.735470	-0.203527
0.756909	-0.496322	0.425152
-0.387155	-0.868382	0.309877
0.565400	0.012787	-0.824717
-0.144292	-0.121327	0.982069
-0.539219	0.113443	0.834490
0.162360	-0.978468	0.127433
-0.713793	-0.681236	0.162533
0.031407	-0.849468	0.526704
0.077146	0.937439	-0.339495
0.842585	-0.538307	0.016613
0.678017	-0.697091	-0.233145
-0.271417	0.860407	-0.431315
-0.842740	-0.247799	-0.477895
-0.813807	0.048460	-0.579112
0.610038	-0.708822	0.354154
-0.695787	0.560779	0.448784
0.086327	-0.292806	-0.952267
-0.235845	-0.839419	0.489646
0.327116	-0.931809	0.157245
0.517990	0.822562	0.234689
-0.080061	-0.387828	0.918248
-0.676491	0.701065	0.225540
0.563037	-0.616645	-0.550216
-0.914491	-0.299081	0.272500
-0.251345	0.792650	0.555456
0.085717	0.996280	-0.008851
-0.424190	0.905096	-0.029386
0.373401	0.905018	-0.203748
0.497616	-0.168908	-0.850793
0.719562	-0.101058	-0.687036
-0.343794	-0.165681	-0.924314
-0.523564	0.810664	0.262118
-0.554548	0.739085	-0.382399
-0.695374	0.488438	-0.527147
-0.029855	0.690978	-0.722259
0.233897	0.286221	0.929177
0.850955	-0.460747	-0.252166
-0.789424	0.379236	-0.482690
0.730753	-0.249659	0.635351
0.179479	-0.982583	0.048149
-0.351067	0.889469	-0.292569
0.642031	0.336740	0.688769
0.909717	-0.283412	-0.303469
-0.046110	0.422732	-0.905081
-0.607065	0.594736	-0.527030
-0.352643	0.459519	0.815159
0.156842	0.942468	0.295221
-0.335970	0.572987	0.747536
-0.576589	0.801551	-0.158304
-0.752936	0.293489	-0.589026
0.437807	-0.595000	-0.674018
0.336645	-0.930453	0.144663
0.770405	0.637410	0.013577
-0.773658	-0.467969	0.427150
0.484529	0.706398	-0.515978
0.487792	-0.170761	0.856096
-0.819478	-0.324084	-0.472679
-0.666703	-0.596013	-0.447522
0.741688	-0.354915	-0.569152
-0.180831	0.968072	0.173597
-0.910067	0.254885	0.326820
-0.519553	-0.459607	0.720296
-0.429115	0.897542	-0.101382
-0.916409	0.114750	-0.383441
-0.804288	0.322670	0.499004
-0.717676	-0.202738	0.666212
0.640280	-0.729615	0.240214
0.079073	-0.946002	0.314370
-0.052104	0.061952	-0.996718
0.138718	0.987628	-0.073137
-0.709743	0.281325	-0.645849
0.504652	0.402356	-0.763830
-0.037774	-0.682331	-0.730067
-0.346297	-0.752971	-0.559565
-0.678723	0.611258	-0.407062
-0.200854	0.764093	-0.613041
-0.791312	-0.610213	0.038278
-0.892217	-0.346200	-0.289991
-0.118724	0.369972	-0.921426
0.279829	-0.957576	0.068884
0.565006	0.348740	0.747762
-0.928638	-0.357226	0.100109
0.151377	0.081792	-0.985086
0.433207	-0.623041	-0.651269
0.058689	0.995002	-0.080784
-0.196877	0.727736	-0.656993
-0.571703	-0.765173	0.296084
0.004534	-0.360159	0.932880
0.975192	-0.061578	-0.212623
-0.158084	-0.467053	0.869983
-0.488586	0.450470	0.747236
0.555123	0.801334	-0.222939
-0.420337	0.667225	-0.614921
0.085077	-0.848012	-0.523104
-0.076234	0.298649	-0.951313
-0.982949	-0.166103	-0.078871
0.576951	-0.815976	-0.036209
-0.354255	0.865813	0.353371
-0.492114	0.787683	-0.370647
-0.389710	0.645246	-0.657103
-0.562724	0.814810	-0.139380
0.992559	0.119323	0.024279
-0.000966	-0.595536	0.803328
0.876680	-0.088633	0.472839
0.264901	-0.961880	-0.067934
-0.038567	0.690366	0.722432
0.633501	0.183269	-0.751724
-0.559880	0.061566	-0.826283
0.826076	0.148769	0.543569
-0.345738	-0.203488	0.916001
0.860379	0.379379	0.340324
0.711722	0.207353	-0.671161
0.916577	-0.359487	-0.175089
0.799708	0.041734	-0.598936
-0.518502	-0.316018	-0.794536
-0.887464	0.263946	-0.377810
0.611121	0.546258	0.572829
0.753417	0.515280	-0.408472
0.084230	-0.487532	-0.869032
0.104664	0.015519	0.994387
0.427104	-0.708876	0.561317
0.174928	-0.983113	-0.053748
-0.251690	-0.159483	0.954577
0.722480	-0.449834	-0.525045
0.965774	0.255647	-0.043870
0.100630	0.886771	-0.451122
0.593372	0.701500	0.394726
-0.083320	-0.846135	-0.526415
0.781945	-0.119594	-0.611767
0.292565	-0.066115	0.953957
-0.593534	0.642667	0.484455
0.397591	-0.840408	0.368288
0.900317	-0.403865	-0.162242
0.867498	0.477427	0.139683
0.227077	0.310818	-0.922946
-0.345099	-0.745157	-0.570655
-0.091800	0.578677	0.810374
0.181826	0.957980	0.221842
-0.751722	0.658496	-0.036018
0.915504	0.402303	-0.002335
0.407335	-0.799848	-0.440819
0.071837	-0.808440	0.584179
0.746881	-0.306057	0.590337
-0.995932	0.068756	0.058235
0.951085	0.130705	0.279918
0.442909	0.824732	0.351637
0.478483	-0.640739	0.600422
-0.045452	0.910394	-0.411239
-0.523471	0.830351	-0.191036
0.548918	-0.210539	0.808927
0.127595	0.784980	-0.606240
0.822391	0.340981	0.455417
0.066360	-0.327212	-0.942618
-0.044705	-0.523135	0.851077
-0.532237	-0.220434	0.817394
0.852486	0.520145	0.052122
0.804675	0.564734	-0.183229
-0.483380	-0.155341	-0.861518
-0.706185	-0.248630	0.662937
0.508495	-0.801927	-0.313602
-0.658017	0.253385	-0.709091
0.729663	0.642519	0.234012
-0.006012	0.914766	0.403940
-0.108131	-0.673708	-0.731044
-0.900046	0.160124	-0.405311
0.041938	0.425295	0.904083
-0.823450	0.436724	0.362220
-0.219024	0.854404	0.471193
0.072477	-0.348454	0.934520
-0.487758	0.274430	0.828722
-0.623635	-0.525471	0.578757
0.101279	0.508756	0.854933
-0.649921	0.685520	0.328124
0.820071	0.179472	-0.543390
0.951951	-0.047357	0.302568
0.514824	0.834290	0.197271
-0.699420	-0.382210	-0.603927
-0.313612	-0.946540	-0.075560
-0.700535	0.617532	-0.357638
-0.426443	0.597740	0.678862
-0.645833	-0.752381	0.129699
0.231290	-0.341451	0.910997
0.996184	-0.071803	0.049612
0.693632	-0.234306	-0.681158
-0.287054	-0.907501	-0.306663
0.497953	-0.867190	-0.004960
-0.674974	0.316678	0.666427
-0.070735	-0.797329	-0.599385
0.576786	0.208586	-0.789816
-0.880741	0.469445	-0.062592
-0.891479	0.069101	-0.447761
-0.793856	0.594949	-0.125806
-0.942648	0.240660	0.231297
-0.920976	0.332685	-0.202790
0.525604	-0.469211	-0.709635
0.454077	-0.242757	-0.857254
-0.803657	-0.347222	-0.483294
0.539040	-0.739470	0.403262
0.165822	-0.866493	0.470843
0.420384	-0.851502	-0.313404
-0.251897	0.954446	-0.159939
-0.608656	0.754789	-0.244607
-0.285446	-0.761310	-0.582175
-0.971925	-0.215693	0.094015
0.921698	-0.344162	0.178957
-0.293714	-0.593046	0.749685
0.384891	-0.311353	-0.868860
-0.445929	-0.893780	0.047997
-0.071799	0.899018	0.431986
-0.700263	-0.183566	-0.689881
-0.053239	0.944576	-0.323946
-0.181265	0.938755	0.293056
0.914658	-0.385787	0.120700
-0.855752	0.516357	-0.032618
-0.976829	-0.204882	-0.061879
0.323391	-0.892092	0.315579
-0.281754	-0.803289	0.524730
0.146380	0.619534	0.771200
-0.527402	-0.647159	0.550483
-0.750853	0.656981	-0.067794
-0.188304	-0.980307	-0.059500
0.225372	0.742262	-0.631074
-0.916340	-0.396917	0.052708
-0.454279	0.855664	-0.247931
-0.844462	0.531489	0.066351
0.365655	-0.489536	-0.791613
0.679145	0.568665	-0.464092
-0.858670	0.378442	-0.345642
0.692806	-0.044259	0.719764
0.571169	-0.759797	0.310603
-0.113306	0.812902	0.571273
-0.581524	-0.792383	0.184280
-0.263248	0.663338	-0.700488
-0.320336	0.403660	-0.856997
-0.052977	-0.210376	0.976184
0.813846	0.563182	0.143115
-0.067586	0.987715	-0.140896
0.178732	0.457764	-0.870923
0.551429	0.558346	-0.619820
-0.284578	-0.128585	0.949990
0.591672	0.757085	0.277031
-0.024069	-0.998929	0.039504
-0.663568	0.687572	0.294827
-0.086771	-0.994234	-0.062998
0.723938	-0.633495	-0.273127
0.421160	-0.900008	-0.112296
0.649023	0.383886	-0.656811
0.187636	-0.931449	0.311761
-0.099815	-0.923662	-0.369981
-0.601298	-0.781525	-0.166313
0.451932	-0.554404	0.698852
0.265214	-0.195816	0.944096
0.876456	-0.357813	0.322172
-0.320553	-0.759585	0.565930
0.209550	-0.974404	0.081400
0.871773	-0.419597	0.252883
-0.012444	0.829248	0.558742
0.827293	0.269784	-0.492750
0.284327	-0.063062	-0.956651
-0.946463	0.148228	-0.286768
0.538033	-0.721984	-0.435040
0.355023	-0.822072	0.445148
-0.836583	-0.422617	-0.348602
0.003232	-0.618165	0.786042
-0.338503	0.890029	-0.305390
-0.226593	-0.908285	-0.351673
0.053467	-0.143338	-0.988228
-0.337600	-0.877856	-0.339699
-0.257681	-0.927998	0.269110
0.328622	-0.144155	0.933395
-0.891657	0.047882	0.450172
-0.601202	0.034698	0.798343
0.365736	0.831437	0.418270
-0.701614	0.712472	-0.010999
-0.425277	0.848832	0.314044
-0.027464	0.867446	-0.496773
-0.593720	0.707952	-0.382491
0.057199	0.236696	-0.969899
0.137175	0.898651	-0.416664
0.661507	0.394706	0.637664
-0.744065	0.243769	0.622049
-0.255395	-0.728882	-0.635220
-0.483146	-0.393484	0.782139
-0.339014	-0.940774	0.003673
0.104842	-0.978497	-0.177627
0.239389	-0.818263	0.522627
-0.718422	0.401046	-0.568358
0.352311	0.763558	0.541162
0.580269	0.264913	0.770135
0.633592	-0.155118	0.757958
-0.241549	0.084293	0.966721
-0.832415	0.553744	-0.021284
-0.379744	-0.898314	-0.220967
0.378456	-0.906037	-0.189388
-0.853376	-0.150727	0.499029
0.737925	0.668933	0.089418
0.872142	0.259909	-0.414507
-0.922830	0.136062	0.360378
-0.569964	-0.780469	0.256923
-0.724362	-0.670810	-0.159103
0.865248	-0.117218	-0.487448
0.000282	0.719751	0.694232
-0.753966	0.426663	-0.499494
-0.340569	0.918128	-0.202617
-0.993136	-0.008593	-0.116648
-0.770715	-0.104951	0.628478
-0.024835	-0.272097	-0.961949
0.339320	-0.940446	0.020580
-0.992079	0.094990	-0.082191
0.663013	0.260758	0.701726
0.412871	0.553758	0.723111
-0.287980	-0.631480	-0.719931
0.672522	-0.105247	-0.732556
-0.479156	-0.804156	-0.351771
0.706292	-0.563223	-0.428871
0.480144	-0.428688	-0.765303
0.175424	-0.981512	0.076547
-0.499274	-0.710005	0.496606
0.551085	0.285408	-0.784122
-0.124737	0.052431	-0.990804
-0.615862	-0.676399	-0.403977
0.750464	0.528713	-0.396570
0.735807	-0.312491	-0.600780
-0.879456	-0.405185	0.249765
0.583617	-0.283842	-0.760805
0.558923	0.402814	0.724807
-0.610523	-0.776707	0.154882
-0.347173	-0.174661	-0.921393
-0.156400	-0.749179	-0.643638
0.809615	0.412918	0.417160
0.542284	-0.805222	-0.239887
-0.556149	0.301449	-0.774485
0.147936	0.106934	-0.983199
0.664739	0.681895	-0.305190
-0.872050	0.045059	0.487339
0.135419	-0.710130	0.690925
0.042787	-0.692200	-0.720436
0.168154	0.472838	0.864956
-0.052005	-0.966104	0.252859
-0.676327	-0.481177	0.557720
-0.981949	-0.098218	0.161646
0.204499	0.847486	-0.489844
0.357033	0.571212	0.739084
-0.693468	-0.543630	-0.472830
0.696880	-0.511843	-0.502369
0.159388	0.724137	-0.670985
0.276145	0.033999	-0.960514
0.549803	0.198845	0.811281
0.320583	0.159573	0.933683
-0.847305	-0.516127	0.125250
0.198933	-0.645571	0.737336
-0.116262	0.969016	0.217925
-0.948483	-0.008779	0.316707
-0.562081	-0.654571	0.505570
0.297388	-0.270101	0.915754
0.431518	0.784697	-0.445020
-0.395017	0.439612	0.806662
-0.189213	0.083627	0.978369
0.081078	0.912323	0.401363
0.240161	-0.968650	0.063561
-0.204887	0.960910	-0.186205
-0.037456	0.934678	-0.353517
-0.214368	-0.962289	0.167471
0.292481	-0.421575	-0.858329
-0.901164	0.393256	0.182353
0.025639	0.904953	0.424739
-0.695426	0.592189	0.407057
0.133635	0.222438	0.965745
0.709084	0.491579	-0.505519
-0.449131	0.854166	0.262073
0.450869	0.264107	0.852622
0.332275	0.937191	0.106147
-0.627140	-0.769178	0.122721
-0.034098	0.999413	-0.003378
0.377660	0.925826	-0.014800
0.152605	0.852255	0.500373
-0.150178	-0.971929	-0.181108
-0.544812	-0.205657	-0.812948
0.124310	0.700869	0.702374
0.908317	-0.198434	0.368218
0.802195	0.106643	0.587461
-0.778346	0.612062	-0.139845
-0.493342	-0.484225	-0.722593
-0.874435	0.450256	-0.180649
0.990586	-0.067882	0.118874
0.158825	0.196231	-0.967609
-0.457461	-0.765226	-0.452944
0.584087	-0.030625	-0.811113
-0.991183	0.039350	0.126522
-0.649893	0.372629	0.662410
0.478401	-0.374336	-0.794359
0.393471	-0.286539	0.873542
0.104625	0.651147	0.751706
0.956298	0.118895	0.267129
0.434189	0.123139	-0.892366
-0.094098	-0.995560	-0.002193
0.988108	-0.078218	0.132379
-0.594917	0.210742	0.775669
0.561409	-0.655734	0.504810
-0.207989	0.629488	-0.748656
0.327429	0.488110	0.809036
0.822202	-0.339758	0.456671
0.443905	-0.742490	0.501654
0.061023	-0.958073	-0.279950
0.179618	-0.110987	-0.977455
-0.036181	-0.020253	-0.999140
0.107119	0.326724	-0.939030
-0.069551	-0.574382	0.815627
-0.187341	0.057466	0.980613
-0.031640	-0.221822	0.974574
-0.883894	-0.466376	0.034999
0.045884	0.772706	0.633104
-0.706450	0.644175	0.293201
-0.782449	0.441551	-0.439096
0.905300	0.233410	-0.354897
-0.960364	0.263215	-0.091760
0.802330	0.542924	-0.247992
0.416887	-0.772606	-0.478838
0.836181	-0.478166	0.268622
-0.323594	0.105014	0.940351
-0.766476	0.550851	0.330269
0.227364	0.256853	0.939325
-0.032371	-0.824646	-0.564722
0.565503	-0.070334	-0.821742
0.252117	0.966991	-0.036963
-0.359947	0.506502	-0.783514
0.257000	-0.377255	-0.889736
0.508475	-0.225244	-0.831094
-0.228442	-0.973373	0.018938
-0.163284	-0.985879	0.037148
-0.427956	-0.118383	-0.896013
-0.486200	-0.716933	-0.499617
0.456765	0.642387	-0.615390
0.940020	-0.156028	0.303345
0.604598	-0.796345	-0.017179
0.700169	0.040289	0.712840
-0.998205	-0.048305	-0.035405
-0.342435	-0.655183	0.673404
-0.845895	0.015504	-0.533125
0.909272	-0.409914	0.072082
-0.134533	0.599033	-0.789342
-0.293944	-0.444119	-0.846378
-0.254466	0.960926	0.108941
-0.040239	0.342088	-0.938806
0.815770	-0.368084	0.446131
-0.086725	0.571488	-0.816015
0.588882	0.106471	0.801175
0.199332	-0.567458	-0.798911
-0.538531	-0.765111	-0.352972
0.094268	0.995168	0.027471
-0.729752	0.521685	-0.441935
0.439011	-0.154236	0.885145
0.484333	-0.250867	-0.838145
0.494092	0.844761	0.205550
-0.624527	-0.726455	0.286757
-0.299714	-0.795959	0.525947
0.508792	0.805359	-0.304182
-0.883528	-0.449360	0.132112
0.357837	0.853242	-0.379382
0.196689	-0.176050	0.964531
0.163559	-0.927714	-0.335552
0.531781	-0.358719	0.767156
0.322962	-0.804918	0.497797
-0.751687	-0.160248	0.639755
0.017958	-0.997076	0.074282
0.057301	0.705475	-0.706415
0.262203	0.019590	0.964814
0.818891	-0.166121	-0.549383
0.912338	0.228641	0.339650
-0.636005	0.771203	0.027275
0.374654	0.681367	0.628787
-0.486518	-0.821051	-0.298622
0.353387	0.323382	-0.877805
0.970491	0.238571	-0.035091
0.590205	0.806097	-0.043197
0.930553	0.277505	0.238876
0.627794	-0.721407	0.292314
-0.909413	-0.367104	-0.195455
0.257323	-0.478442	0.839570
0.648227	-0.347538	0.677510
-0.069124	0.799456	-0.596734
-0.971528	-0.085688	0.220885
0.712677	0.666319	0.219338
-0.153876	0.571032	-0.806378
0.827057	-0.267294	-0.494500
0.501351	0.602337	-0.621158
-0.859449	-0.166788	-0.483249
0.746481	-0.125142	-0.653534
0.110677	-0.561760	-0.819863
0.041387	0.374229	0.926412
-0.699015	-0.676222	-0.232599
-0.481145	-0.761660	0.434020
-0.884436	0.131678	-0.447698
0.097482	0.908422	-0.406531
-0.048433	0.535352	-0.843239
-0.417183	-0.355654	-0.836342
-0.044186	0.449279	0.892298
-0.740453	-0.407926	-0.534158
-0.957943	-0.286608	-0.014173
-0.444397	0.572297	-0.689193
-0.139051	0.180330	-0.973728
-0.132428	0.990880	0.024903
0.065163	0.695884	0.715191
0.064747	0.960189	-0.271746
0.947534	0.317374	-0.038122
-0.066520	-0.245421	-0.967132
0.560480	0.100635	-0.822031
-0.823094	-0.534988	-0.190534
-0.637523	0.597853	0.485938
-0.367783	0.811483	-0.454127
0.955448	-0.183781	-0.230961
0.718586	-0.390495	0.575455
-0.199276	-0.631359	0.749450
0.262128	-0.074031	-0.962189
-0.792468	-0.578124	-0.194338
-0.187555	0.126809	-0.974034
-0.786594	-0.038538	-0.616267
0.650203	0.084716	-0.755023
-0.860221	-0.378500	-0.341698
0.315373	-0.827206	0.465049
-0.386161	0.420317	-0.821105
-0.998361	0.050131	-0.027609
0.643527	-0.086725	-0.760494
0.293013	0.857296	-0.423306
0.778704	0.407965	0.476639
-0.759084	0.390970	-0.520514
0.174618	0.543622	-0.820965
-0.135158	-0.110076	0.984691
-0.602819	0.608997	-0.515492
-0.188513	-0.687578	0.701212
