-0.830332	0.066977	0.553229
0.820390	0.150681	0.551593
0.541399	0.219587	-0.811584
0.014486	0.979954	0.198694
0.578552	-0.746158	0.329431
0.009156	0.027931	0.999568
0.302983	0.743175	0.596566
-0.019599	-0.999394	0.028778
0.532872	0.115991	0.838209
-0.780257	-0.624032	-0.042220
-0.341141	0.811802	0.473919
0.436505	-0.539574	0.719947
-0.977099	0.211666	0.021809
0.989447	-0.143580	0.019487
0.773412	-0.047207	-0.632143
-0.342687	0.936566	0.073546
-0.505408	-0.561313	0.655355
0.055491	0.472939	-0.879346
0.136688	0.784422	-0.604979
-0.319838	-0.931840	-0.171401
-0.734763	-0.188390	-0.651639
0.902710	-0.153625	0.401889
-0.010020	0.836664	0.547625
0.719576	-0.635502	-0.279906
0.713984	-0.625763	-0.314081
0.066652	-0.997346	-0.029285
-0.309908	0.887356	-0.341404
-0.046446	0.991918	0.118076
0.439100	0.412350	-0.798222
0.356391	0.270493	0.894326
-0.269026	0.106661	0.957209
-0.597738	0.536352	-0.595848
-0.205685	-0.359411	-0.910229
0.079004	-0.960452	-0.267004
-0.723180	0.437292	0.534590
-0.992705	-0.118313	0.023233
-0.270266	-0.509168	0.817132
0.478257	0.660637	-0.578644
-0.656173	0.753363	0.043367
-0.360241	-0.785453	0.503279
0.915573	0.398039	-0.057376
0.282354	0.845564	-0.453098
-0.589648	-0.528581	-0.610669
-0.615004	-0.689769	0.382085
-0.784694	0.027998	0.619251
-0.204890	-0.105221	0.973113
-0.989098	0.087162	0.118689
0.613167	0.774978	-0.153086
0.002254	-0.180982	-0.983484
-0.718401	0.592970	0.363711
0.498573	-0.778131	-0.382017
0.239658	-0.798626	0.552051
-0.101318	0.138099	0.985222
0.500325	0.693110	-0.518915
-0.089565	0.535617	-0.839698
-0.169141	0.380850	-0.909035
0.126252	0.897539	0.422473
-0.282794	-0.086030	0.955315
-0.403992	0.018763	-0.914570
-0.918325	0.394985	-0.025789
-0.640393	0.527985	-0.557789
0.218173	0.967321	0.129190
0.084562	-0.069904	0.993963
0.778946	0.615227	-0.121406
0.952196	-0.094157	0.290614
0.827114	-0.239638	0.508386
0.469666	-0.322806	-0.821712
0.586418	0.809321	-0.033367
-0.523388	0.848734	0.075606
-0.849361	0.519915	-0.090968
0.013200	-0.247104	0.968899
-0.943516	0.297154	-0.146551
0.766342	0.273239	0.581429
0.891022	0.310072	-0.331565
0.040227	0.676133	0.735681
-0.080857	-0.981673	-0.172570
-0.875518	-0.362794	-0.319138
-0.389672	0.826019	0.407246
-0.626502	0.288426	0.724089
0.972847	-0.203602	0.110069
-0.155904	-0.646734	-0.746612
0.333719	0.900942	0.277372
0.108986	0.654522	0.748147
-0.133019	-0.976625	-0.168845
0.657921	-0.751455	-0.049555
-0.163222	-0.807599	-0.566695
-0.133552	0.942136	-0.307481
-0.537635	-0.716857	-0.443920
0.788838	0.045294	0.612930
0.500685	0.700619	-0.508377
-0.805489	-0.322521	0.497160
0.209916	-0.504709	-0.837379
-0.005946	0.995716	0.092274
-0.957016	0.161554	-0.240873
-0.945645	0.283305	0.159668
0.656076	-0.668959	-0.349367
0.332992	-0.940060	-0.073511
-0.040319	-0.650211	-0.758683
0.722879	-0.663905	0.191510
-0.613918	-0.417965	-0.669634
-0.153280	-0.856210	-0.493366
-0.921977	0.326500	0.208221
-0.857010	-0.221384	0.465321
0.714560	-0.699461	0.012627
0.925764	-0.218504	-0.308572
0.310210	0.906969	0.284915
-0.692593	-0.393163	-0.604763
0.657913	-0.729205	-0.188177
0.822487	0.380613	0.422668
-0.786261	0.213684	-0.579769
0.893660	-0.142460	0.425530
-0.429150	0.187524	-0.883553
0.855056	0.264368	0.446082
-0.006687	0.712479	0.701661
0.362066	-0.908435	0.208937
0.485348	-0.737949	-0.468900
-0.637099	0.074355	-0.767187
-0.763996	-0.641504	0.069149
0.565648	0.684116	0.460465
-0.847395	0.503770	0.167746
-0.435067	-0.563979	-0.701886
-0.912532	-0.011920	0.408831
-0.106631	0.619750	-0.777521
-0.264193	0.961685	-0.073235
-0.938699	-0.329473	-0.101452
-0.039159	-0.709366	-0.703752
0.146911	-0.887003	0.437771
-0.822639	-0.124293	0.554812
-0.509548	0.247659	-0.824030
0.307862	-0.526352	-0.792575
-0.813426	0.565914	-0.134458
0.442683	-0.817372	-0.368693
-0.409636	-0.346733	0.843786
0.656601	0.429843	0.619766
-0.629904	0.775924	0.034106
-0.626655	0.307578	-0.716030
-0.181528	-0.959340	-0.216133
0.728800	0.567215	-0.383559
0.785672	-0.444427	-0.430353
0.918688	0.005294	-0.394949
-0.314913	0.890236	0.329105
-0.701715	-0.712456	0.001887
-0.121774	0.809464	0.574403
0.442564	-0.714397	0.542009
0.499594	-0.144877	0.854059
-0.685324	0.431837	-0.586386
-0.664064	0.191533	-0.722727
0.655387	-0.712213	0.251437
-0.719336	0.580592	0.381403
0.422193	0.053347	0.904935
0.545939	-0.766549	-0.338161
-0.547507	0.792289	0.269285
-0.813424	-0.512740	0.274660
0.050769	0.877274	0.477297
0.977124	0.096520	0.189508
-0.960610	-0.216989	-0.173623
0.135232	-0.823971	0.550259
-0.042763	-0.512489	0.857629
0.485450	0.098380	-0.868712
0.562774	0.795084	0.226113
-0.757837	0.648268	0.073701
-0.651810	0.709191	0.268685
0.206141	0.972953	0.104254
-0.801630	0.174194	0.571879
0.965573	0.193069	-0.174335
0.859965	0.509812	-0.023502
0.220297	0.013558	-0.975339
0.637240	0.525963	0.563284
-0.887878	-0.178338	-0.424108
0.022385	-0.785776	0.618106
-0.730375	0.094773	-0.676440
0.654268	0.140136	-0.743166
-0.311570	-0.834017	0.455346
-0.408760	-0.256033	0.875992
0.642898	0.692898	0.326457
-0.788345	-0.093421	-0.608099
-0.414130	0.557064	-0.719845
0.888559	-0.367383	-0.274760
-0.329846	-0.658365	-0.676577
-0.164501	-0.507017	-0.846093
0.941344	0.330223	-0.069460
-0.484980	-0.322111	0.813043
0.170329	-0.817169	0.550657
0.762672	0.588934	-0.267372
0.867943	0.110536	-0.484207
0.256744	-0.202285	-0.945073
-0.289588	-0.912771	-0.288076
0.674295	0.674501	-0.300626
-0.629887	-0.764506	-0.137015
0.862159	-0.396571	0.315299
-0.781273	0.510873	0.358638
0.329834	0.737043	-0.589896
-0.742674	0.545408	-0.388542
-0.476167	0.160634	0.864559
0.208816	0.056684	-0.976311
-0.142186	-0.830606	-0.538402
0.243391	-0.960186	0.137127
-0.253232	0.621559	0.741308
0.668648	0.592383	0.449436
0.293691	0.804860	-0.515699
0.133649	0.931252	0.338980
-0.787442	0.614550	-0.047575
0.226069	-0.166578	0.959763
-0.358923	0.353593	0.863797
-0.709571	0.669176	0.220708
0.437415	-0.071849	-0.896385
-0.676802	-0.680091	-0.281806
-0.978757	-0.205018	-0.001404
0.931041	0.104949	-0.349498
-0.588090	0.070424	0.805724
-0.161142	-0.877592	-0.451515
0.075953	0.474531	0.876956
0.159697	0.744429	0.648323
0.855654	0.441329	-0.270343
-0.854444	-0.272603	-0.442281
-0.138995	0.716304	0.683805
-0.107951	-0.974214	-0.198123
-0.989112	-0.118303	-0.087538
0.663594	0.482515	-0.571683
-0.536485	0.793810	-0.286444
-0.690589	-0.618390	0.375073
-0.462082	-0.036319	-0.886093
-0.255495	0.961620	-0.100047
0.982591	0.013981	-0.185257
0.284434	-0.319404	-0.903924
-0.141726	0.167234	0.975678
0.835534	-0.515794	-0.189314
-0.634743	-0.270726	-0.723746
-0.680347	0.627300	-0.378977
-0.637928	0.350919	-0.685495
-0.783365	0.482685	-0.391605
0.169496	-0.983217	-0.067496
-0.149126	0.210136	-0.966232
-0.848671	0.528251	-0.026617
-0.402908	-0.860761	0.311056
-0.810280	0.371572	-0.453189
-0.882691	-0.365308	-0.295647
0.387675	0.920447	0.049859
0.395082	-0.737167	0.548174
0.448386	-0.650603	-0.612916
-0.860775	-0.181678	0.475456
0.320273	-0.414025	0.852062
-0.878106	-0.389302	0.278163
0.258778	0.468569	-0.844676
0.654601	-0.433026	-0.619666
0.835006	0.522727	-0.171816
-0.905919	-0.423450	0.000748
-0.578246	0.345027	0.739316
-0.769442	0.223078	-0.598494
-0.355221	0.048334	0.933532
-0.805741	-0.579353	0.123010
-0.431381	0.751386	0.499329
-0.271199	0.636229	-0.722263
0.389124	0.920803	0.026524
0.209791	0.977744	-0.002141
0.594484	0.792908	-0.133737
-0.910409	0.144838	-0.387527
0.945854	0.307896	-0.102760
0.721870	-0.521004	0.455477
-0.958034	0.230695	0.170148
-0.410712	0.141986	0.900642
-0.459880	0.776598	0.430587
0.723207	0.608337	0.326952
0.470407	0.394836	0.789190
0.027599	0.632844	-0.773787
-0.845274	-0.165602	-0.508023
-0.153886	-0.221608	0.962917
0.996215	0.084834	0.018965
0.244254	0.089719	-0.965552
-0.184250	-0.630324	-0.754151
-0.777593	-0.050363	-0.626747
-0.127030	0.911487	-0.391223
0.737663	-0.648497	-0.187898
-0.210127	-0.820274	0.531975
-0.703534	0.543198	0.458231
0.033996	0.448077	0.893348
0.296688	0.896730	0.328408
-0.729771	-0.680277	0.068246
-0.166868	0.766117	0.620661
-0.392909	-0.359247	-0.846501
0.971152	-0.130947	0.199293
0.158631	0.931772	0.326553
0.779833	0.302688	0.547942
-0.797832	-0.510465	-0.320764
0.027199	0.711646	-0.702011
0.323603	-0.563652	0.759985
-0.766573	0.007132	-0.642117
-0.847639	0.139181	0.511993
0.803458	0.401221	-0.439861
-0.674335	0.473471	-0.566654
-0.811613	-0.469240	-0.347992
0.662452	-0.540005	0.519185
-0.586962	-0.809526	-0.011956
-0.700251	0.688082	-0.190243
-0.383696	-0.917477	-0.104942
0.342782	0.130720	-0.930276
-0.482384	0.732253	-0.480741
-0.500928	-0.834532	0.229408
0.300102	0.521028	0.799042
0.142097	-0.662032	-0.735882
0.174406	0.944041	0.279945
0.105677	0.850948	0.514510
0.265260	-0.609146	0.747381
-0.642114	0.671785	-0.369317
-0.536290	0.179995	-0.824618
-0.299814	0.833996	0.463209
-0.913626	0.340883	-0.221554
-0.200301	-0.444782	-0.872954
0.945613	0.125799	-0.299984
0.748220	0.519140	-0.413110
0.676443	0.736293	-0.017264
-0.862795	-0.490278	-0.123336
-0.176016	-0.547613	-0.818008
0.099812	-0.288502	0.952263
0.860106	-0.032323	-0.509090
-0.509432	-0.151291	-0.847107
-0.084406	-0.350828	-0.932628
0.342643	0.906971	-0.244947
0.010280	0.784832	-0.619623
-0.290980	0.344862	-0.892413
-0.596697	-0.635473	0.490028
-0.741771	0.556181	0.374751
-0.905484	-0.415058	-0.088460
-0.804504	-0.524131	-0.279393
0.653829	-0.017724	-0.756435
-0.191473	0.975834	-0.105293
-0.037021	-0.514222	-0.856857
-0.296176	-0.122698	-0.947219
0.479871	-0.142620	0.865669
0.502137	0.804835	0.316384
-0.912938	0.385123	0.135001
0.730909	-0.555828	0.396014
0.548318	0.826582	0.126921
-0.467621	0.677569	0.567654
-0.610211	-0.792110	0.014318
-0.226167	0.642109	0.732492
0.155340	0.662290	-0.732967
-0.364184	-0.016013	-0.931189
-0.366954	0.925198	0.096716
-0.482806	-0.209922	-0.850195
-0.516149	-0.622984	0.587776
-0.253641	-0.852281	0.457474
0.144630	0.211979	-0.966513
0.764568	-0.041958	-0.643176
0.943585	0.114533	-0.310691
0.510328	0.839176	0.188012
-0.753147	-0.546278	-0.366539
0.053372	-0.763520	0.643575
-0.893002	0.442643	-0.081329
0.095273	0.992782	-0.072850
0.797197	0.055482	-0.601164
-0.325636	0.890604	-0.317468
0.587588	-0.744688	0.316512
-0.179303	0.971039	-0.157903
-0.880135	0.242789	0.407942
-0.187005	0.964082	-0.188615
0.371848	-0.485728	-0.791073
-0.190341	-0.450840	-0.872074
0.089228	0.651320	0.753538
-0.164001	0.419923	0.892619
-0.624252	0.483356	-0.613740
-0.154668	-0.795371	0.586057
0.680466	0.711124	0.176831
0.100773	0.724301	-0.682079
0.140946	0.930398	0.338368
0.789179	0.213555	-0.575839
-0.305187	-0.511429	0.803306
-0.467282	0.882521	0.052946
-0.237242	-0.572820	-0.784598
-0.154959	0.483124	0.861730
0.217870	0.959062	0.180923
0.944295	0.327875	-0.028363
-0.421997	-0.158046	0.892715
-0.869957	-0.472531	-0.141030
-0.178538	0.168316	0.969430
0.995064	-0.043188	-0.089346
0.459433	0.422319	0.781389
0.248638	0.511138	-0.822750
-0.289926	-0.129648	-0.948227
-0.261063	0.382488	0.886312
0.243514	-0.951573	0.187640
-0.874193	-0.186066	0.448516
0.357960	-0.399284	-0.844060
0.524540	0.781444	0.337939
-0.725880	-0.587197	0.358187
-0.354033	-0.598769	0.718426
0.158493	0.487790	-0.858453
0.628783	0.097027	0.771503
-0.029290	0.955061	0.294960
0.001372	0.960714	-0.277537
0.075517	-0.977821	0.195355
0.980294	0.195494	-0.028377
0.108723	0.243168	0.963872
0.918190	0.055063	0.392296
0.966491	0.165410	-0.196303
-0.338548	0.299866	-0.891888
-0.248997	0.956093	-0.154554
-0.691957	-0.717741	0.077741
-0.149286	-0.450504	-0.880205
0.678648	-0.431752	0.594161
-0.732426	-0.680703	0.013983
-0.422945	0.812958	-0.400271
-0.548199	-0.831333	-0.091451
0.592611	0.726025	-0.348854
0.697992	0.678032	-0.230391
0.535492	0.257029	-0.804478
0.050845	0.922800	0.381908
-0.459708	-0.050631	-0.886626
-0.442041	0.284817	0.850576
-0.207369	0.447081	0.870125
0.839842	-0.141538	-0.524053
0.832801	-0.064780	0.549769
-0.783734	-0.306542	-0.540179
-0.572805	0.760716	-0.305295
-0.355166	0.928996	-0.104031
0.113409	-0.793011	-0.598559
-0.420031	0.852892	0.310081
0.127089	-0.697236	0.705486
0.258842	0.278717	-0.924834
-0.400528	0.907264	-0.128256
0.659780	0.554763	0.506882
0.014363	-0.774397	0.632537
-0.004888	0.070018	0.997534
0.281999	0.939669	-0.193645
0.237867	-0.782846	0.574953
-0.906928	-0.079354	-0.413745
-0.754765	0.636158	-0.160103
-0.020558	-0.311346	0.950074
0.707898	-0.469584	-0.527609
-0.455000	0.401455	-0.794864
0.296669	-0.566700	-0.768660
0.862539	0.424843	0.274838
-0.688775	0.239965	-0.684110
0.619756	0.593768	0.513168
-0.275106	-0.914212	0.297544
-0.913944	0.239476	-0.327656
0.974777	0.202094	-0.094699
-0.689752	-0.164801	0.705041
0.224343	-0.853161	-0.470943
0.318187	-0.514732	0.796120
-0.063677	-0.931391	0.358409
-0.620023	0.287423	0.730041
-0.285701	-0.932729	0.219982
0.144382	0.445066	-0.883782
0.662551	-0.689480	-0.292650
-0.197459	-0.862002	-0.466865
0.042969	-0.952620	-0.301112
0.622323	-0.453573	-0.637955
0.759084	-0.051813	0.648928
0.549319	-0.252783	-0.796461
0.970267	-0.241981	-0.005130
-0.713862	0.630518	-0.304711
0.039200	-0.779004	0.625793
-0.747562	0.184503	-0.638051
-0.904415	-0.034870	-0.425225
0.982308	0.123344	-0.140915
0.815338	-0.240482	0.526681
0.577434	-0.786894	-0.217644
-0.307055	0.616629	-0.724904
-0.594627	0.686086	-0.419171
0.367394	0.120236	-0.922261
0.284330	-0.888641	0.359826
0.591908	-0.407539	-0.695382
-0.914409	-0.171344	-0.366739
-0.440963	-0.456692	-0.772647
-0.281766	-0.586822	0.759110
-0.974468	-0.171406	0.145025
0.948597	-0.316472	-0.003041
0.313120	0.943833	0.105527
-0.067913	0.946957	0.314104
0.796147	-0.500493	0.340083
-0.576320	-0.152879	0.802797
0.270763	0.862233	0.428066
0.417008	-0.845957	-0.332357
0.649717	0.568343	0.504831
-0.683382	-0.729976	0.011126
-0.706396	0.140467	-0.693738
-0.688675	0.693891	-0.210339
0.103265	-0.857989	-0.503181
-0.352059	-0.232433	-0.906658
0.633779	0.732485	-0.248574
0.766587	0.640347	-0.047955
-0.317463	-0.139589	-0.937940
0.835106	0.415057	-0.361006
0.699875	0.614092	0.364781
-0.382453	-0.196531	0.902832
-0.628995	-0.747545	-0.213406
0.186215	0.974780	-0.122999
-0.831454	-0.063032	-0.552006
-0.739863	0.600635	0.303050
0.498743	0.166060	0.850693
-0.048776	0.880555	0.471428
-0.417546	0.727918	-0.543867
0.664670	0.714470	0.218509
-0.073241	-0.933726	0.350417
0.702883	0.178196	0.688623
0.838562	-0.479113	-0.259355
0.861892	0.506977	-0.010744
0.213686	0.897326	0.386192
0.860504	0.507890	0.039749
-0.624308	0.745889	-0.232142
0.646119	0.632002	0.427906
-0.468605	0.883147	0.021482
0.114339	-0.563642	-0.818067
-0.170945	0.071899	-0.982654
-0.610216	0.549481	-0.570707
-0.442469	0.098768	-0.891328
0.446336	-0.641221	-0.624195
0.999267	0.010625	-0.036782
-0.697624	0.712216	-0.077903
0.016075	0.604585	0.796378
0.978026	0.205808	-0.033291
-0.859325	-0.083543	-0.504560
-0.130447	0.355905	-0.925373
0.709836	-0.017875	0.704140
-0.058024	0.795482	-0.603193
0.033714	-0.892330	0.450123
-0.465219	0.680307	-0.566352
0.624642	-0.070847	-0.777691
0.243297	-0.211440	-0.946625
0.809294	0.014208	-0.587232
0.233892	-0.575074	-0.783954
-0.994134	-0.036723	0.101732
-0.865701	-0.060458	-0.496897
0.402895	-0.214492	-0.889758
-0.786398	0.338057	-0.517007
0.117951	-0.236793	0.964374
-0.571321	0.820054	0.033224
-0.094664	0.949661	0.298635
-0.157414	0.987513	0.006263
-0.564895	-0.439001	0.698693
0.049911	-0.520516	-0.852392
-0.130026	0.975273	-0.178708
0.045806	-0.924452	0.378538
-0.635296	0.765805	-0.099705
-0.363492	-0.923270	0.124284
-0.905646	0.268501	0.328196
-0.511625	0.554191	-0.656591
-0.071292	0.954756	-0.288720
-0.491556	0.853457	-0.173160
0.605495	-0.244427	-0.757384
0.382386	-0.880347	0.280659
-0.764104	-0.623855	0.164163
-0.192783	-0.034201	0.980645
0.713692	0.205334	0.669688
0.699645	-0.262321	-0.664593
0.601808	-0.314730	-0.734011
-0.169619	0.435915	-0.883859
0.777368	0.230064	-0.585466
0.060491	-0.385861	0.920572
0.765176	0.408683	0.497477
-0.842407	-0.367377	-0.394189
0.493336	0.496159	0.714455
-0.593267	-0.723127	-0.353725
-0.743534	-0.234426	-0.626260
-0.313016	0.870368	-0.380106
0.491206	0.141580	-0.859460
0.685567	-0.558365	-0.467148
-0.387989	-0.764142	0.515317
0.384308	0.200839	0.901094
0.201096	0.478126	-0.854960
0.555707	-0.687354	-0.467691
0.210164	-0.070464	0.975124
0.575769	0.536289	-0.617158
-0.696947	-0.708077	-0.113542
0.391100	-0.344938	0.853263
0.786201	-0.617666	-0.019408
0.847872	-0.515095	-0.125657
-0.304125	0.688874	-0.657997
0.476459	-0.129354	0.869629
0.636022	-0.443890	0.631219
0.217772	0.037544	-0.975277
0.592811	-0.279894	0.755139
0.594764	-0.787285	0.162600
0.814663	-0.138952	-0.563042
-0.023229	0.466454	-0.884240
-0.278068	0.947505	-0.157840
-0.545372	0.312596	-0.777723
-0.536873	0.798336	-0.272812
0.910649	0.341956	0.231915
0.676437	-0.161675	0.718536
0.947847	0.287897	-0.136752
0.405124	0.820409	-0.403490
-0.926743	0.217340	0.306450
-0.802107	0.378817	0.461652
-0.697261	-0.215044	0.683801
0.407758	-0.721238	0.559954
0.275503	0.767768	0.578472
-0.050220	0.866925	-0.495902
-0.798831	-0.035573	-0.600503
-0.408738	0.446563	-0.795937
-0.149098	-0.510087	0.847102
0.455625	-0.818504	0.349937
0.795294	0.498617	-0.344801
0.106665	0.984397	-0.139950
0.877733	0.092553	-0.470126
0.691973	-0.342342	-0.635591
-0.192734	0.071902	-0.978613
-0.714438	-0.224362	-0.662751
-0.097515	-0.850224	0.517310
-0.745511	-0.222350	0.628310
-0.983454	0.017935	-0.180268
0.486519	0.870687	0.072132
-0.987588	0.124465	-0.095804
-0.464421	0.584824	0.665051
0.562602	0.826607	-0.014110
0.680512	0.483366	0.550691
0.899822	-0.227169	0.372444
-0.429087	0.753942	-0.497450
0.520593	0.301932	-0.798637
-0.388325	0.918273	-0.077325
-0.120075	-0.006778	0.992742
-0.049084	-0.942267	0.331246
0.103155	-0.863642	-0.493438
-0.915913	0.157848	0.369035
0.686494	0.657184	-0.311183
0.537565	-0.140843	-0.831376
-0.718174	-0.314906	-0.620533
-0.276022	-0.619819	-0.734599
-0.717389	0.099314	0.689557
-0.881435	-0.183353	0.435264
-0.101578	0.696088	0.710734
-0.538408	-0.503147	-0.675988
0.184523	0.344633	0.920424
-0.214611	0.088318	0.972698
-0.481025	0.095659	0.871473
-0.227624	-0.007670	-0.973719
-0.786608	-0.579062	0.214324
0.522368	0.848585	0.083869
-0.352918	-0.709198	0.610317
0.114509	0.171565	-0.978495
-0.552051	0.463596	0.693049
-0.124825	-0.537141	-0.834205
0.045235	-0.083579	-0.995474
0.770022	-0.065219	-0.634675
0.128812	0.543711	0.829329
-0.505624	0.328711	-0.797680
0.567115	0.133054	-0.812821
-0.188503	-0.980930	0.047366
0.334653	0.936105	0.108230
0.384081	-0.477172	0.790436
-0.107174	0.816730	0.566979
0.734996	-0.342260	-0.585354
-0.279208	0.012071	0.960155
-0.165862	-0.626132	0.761872
-0.789581	0.510278	-0.340850
-0.846580	-0.176693	-0.502077
0.652536	-0.046867	0.756307
-0.571456	-0.375539	-0.729663
-0.390633	0.034630	-0.919895
-0.856612	-0.137422	-0.497324
0.507415	-0.570459	-0.645838
0.454387	0.889999	0.037881
0.767027	-0.631163	-0.115339
0.295205	-0.637054	0.712051
0.867151	0.474688	0.150734
0.729491	-0.215575	0.649131
-0.196448	-0.832650	0.517786
-0.266173	-0.652610	-0.709403
0.610308	-0.251369	0.751224
0.655329	-0.717897	0.234878
-0.719292	-0.355852	-0.596647
0.860832	0.117420	0.495157
0.217221	-0.798960	-0.560784
-0.201032	-0.951483	-0.232950
0.665866	-0.402103	0.628439
0.640654	-0.681308	-0.354094
-0.111628	-0.332438	-0.936496
0.512326	0.646554	-0.565235
0.083926	-0.669253	-0.738280
0.433328	-0.874452	-0.218085
-0.485852	0.862743	-0.140081
-0.724396	-0.086963	-0.683877
-0.742095	-0.230184	-0.629532
0.698576	0.715533	0.002181
0.444237	0.312023	-0.839819
0.035823	-0.626996	-0.778198
-0.003817	-0.047310	-0.998873
-0.367875	-0.652298	-0.662703
-0.339725	-0.174155	-0.924260
-0.511860	-0.786722	-0.345062
-0.189100	0.900537	-0.391502
0.777157	-0.112569	-0.619157
0.591559	0.290548	0.752090
-0.435840	-0.048878	-0.898696
0.695657	-0.203438	-0.688967
-0.046568	0.612165	-0.789358
0.918772	0.269821	-0.288193
0.585697	0.685262	0.432868
-0.521905	0.106835	0.846287
0.157351	-0.963819	-0.215159
0.617207	-0.406284	0.673786
-0.171047	-0.841970	0.511693
0.266938	-0.153194	0.951460
-0.896326	0.120374	-0.426744
-0.715527	0.645062	-0.268171
0.679192	-0.431198	-0.593942
-0.046522	-0.733260	0.678356
-0.518700	-0.579145	0.628921
0.560520	0.792234	-0.241209
0.169709	0.964104	-0.204211
-0.087463	0.516181	0.852002
-0.890289	-0.353344	-0.287286
-0.000831	-0.009072	0.999959
-0.494329	-0.599176	-0.629783
-0.826595	-0.516677	-0.223126
0.613548	0.069085	-0.786629
0.762979	-0.610058	-0.213755
-0.918825	0.254937	0.301277
-0.766252	-0.530721	-0.362207
0.767473	0.412551	0.490700
0.651240	-0.592283	-0.474433
0.617525	0.658269	0.430517
0.268348	0.025535	0.962983
0.950806	0.307893	-0.034191
-0.866417	-0.174338	-0.467896
0.507390	0.217359	-0.833853
0.330165	-0.296387	-0.896184
-0.574010	-0.751082	-0.326172
-0.640128	0.722833	0.260286
0.180536	0.898748	-0.399573
-0.087744	-0.967358	-0.237738
0.006053	0.715733	0.698347
0.353080	0.370419	0.859142
-0.283009	-0.958680	-0.028942
0.611518	-0.455082	0.647261
0.723332	0.045355	0.689009
0.311961	0.169529	-0.934848
0.993106	-0.082607	0.083162
0.359665	-0.042572	0.932110
0.387144	-0.917486	-0.091322
0.610290	-0.040626	-0.791136
-0.177781	-0.966914	-0.182952
-0.257923	-0.669050	0.697028
-0.323509	0.686208	-0.651507
-0.321692	0.897412	0.301938
0.800350	-0.557463	-0.220623
0.724411	-0.355320	0.590743
0.195644	0.952795	-0.232176
0.861291	0.261964	0.435377
0.552496	0.603926	-0.574476
0.525358	0.085681	0.846557
0.161465	-0.905611	0.392170
0.067027	0.724222	0.686301
0.595917	0.234791	0.767956
-0.432934	-0.140629	0.890388
-0.749942	-0.657044	-0.076680
-0.301545	0.897235	0.322552
-0.367270	-0.102903	0.924405
-0.503971	-0.817937	-0.277474
-0.340175	-0.919072	-0.198964
0.473016	0.242261	-0.847092
0.916007	-0.119949	0.382811
0.075902	-0.778030	-0.623625
-0.957990	-0.269545	-0.097985
0.457810	0.078938	-0.885539
-0.336329	-0.666375	-0.665452
-0.390904	-0.490578	0.778799
-0.087028	-0.825729	-0.557313
-0.039116	0.925969	-0.375568
-0.441814	-0.882370	-0.161936
0.697058	-0.618654	-0.362461
-0.336996	0.206335	-0.918618
0.726245	0.654271	0.210946
-0.198223	0.966125	0.165260
0.979163	0.126266	0.159052
0.477185	-0.548783	-0.686390
0.169208	-0.952101	0.254701
-0.715166	0.371431	-0.592095
0.850257	0.514578	-0.110779
0.098404	0.240172	0.965730
0.639080	0.681935	0.355727
-0.399197	-0.148420	-0.904772
-0.570152	0.074897	-0.818118
0.251656	-0.776946	-0.577083
0.420145	-0.661479	0.621227
0.131173	-0.102767	-0.986019
0.618688	0.750743	0.231539
-0.244960	0.254396	0.935563
0.004013	0.030603	-0.999524
0.092419	-0.692075	-0.715885
-0.522703	0.353898	-0.775589
-0.067921	0.521243	0.850701
0.291304	0.499950	-0.815593
0.953857	-0.225037	-0.198784
0.862290	-0.430309	0.267001
-0.934332	-0.176842	0.309437
-0.040466	0.412788	0.909928
-0.364792	0.922233	0.128116
0.257316	-0.603706	-0.754538
0.745461	-0.620980	-0.242223
-0.190040	0.862347	-0.469299
0.720922	-0.460410	-0.517972
-0.768911	0.434469	-0.469055
-0.846032	0.532985	-0.012553
-0.547976	-0.463623	0.696259
-0.629583	0.741903	-0.230663
-0.267627	0.875429	0.402491
-0.085584	0.880084	0.467042
-0.789460	0.100931	0.605447
-0.858849	-0.396005	-0.324898
-0.232357	-0.865686	0.443395
0.700000	-0.103709	-0.706572
-0.999969	-0.007878	0.000833
-0.997092	-0.054640	0.053126
0.492956	0.342884	-0.799641
0.102584	-0.004317	0.994715
0.302392	-0.938199	0.168347
-0.911470	0.298368	0.283195
-0.662995	-0.748216	0.024708
-0.863390	0.109412	0.492531
0.037609	0.416661	-0.908284
-0.809502	-0.382327	0.445570
0.052622	0.545591	0.836398
0.201338	0.862504	0.464273
0.977049	0.057065	0.205227
-0.047929	-0.042403	-0.997950
0.006899	-0.425604	-0.904883
-0.226088	-0.849275	-0.477092
0.728448	-0.598746	0.332967
-0.646172	-0.106898	-0.755668
0.748093	-0.316504	0.583251
-0.600289	0.436318	-0.670283
-0.541069	-0.840546	0.026963
0.145157	-0.952612	-0.267320
0.853239	0.144437	0.501120
0.735199	0.200820	0.647421
-0.054607	-0.767049	-0.639260
-0.908131	-0.381616	0.172241
0.551947	0.833479	0.025823
-0.037693	-0.707503	0.705704
0.125196	-0.745439	0.654711
0.545903	-0.654453	0.523146
0.825704	-0.545964	-0.141903
0.465217	0.481153	0.743010
-0.268244	0.921022	0.282425
0.485529	0.643381	-0.591880
0.495795	0.865981	-0.065298
-0.353184	0.717003	-0.600972
-0.220393	-0.919825	-0.324574
-0.575306	0.803546	0.152761
-0.442826	0.151540	-0.883709
0.124521	0.343696	-0.930789
0.342552	0.494802	0.798642
-0.921577	0.263174	0.285368
0.322866	0.910077	-0.259843
-0.000840	0.581716	0.813392
0.180991	0.783327	-0.594677
0.052853	0.222083	0.973594
-0.032579	0.660857	-0.749804
-0.926571	0.052146	0.372487
0.180758	-0.649683	-0.738403
0.198712	0.417159	0.886844
0.353524	0.072022	0.932649
0.915591	-0.019389	0.401642
0.374675	0.263998	-0.888776
0.826765	0.107656	0.552150
-0.835724	0.204643	-0.509594
0.016314	0.994214	0.106174
-0.534129	0.144525	0.832958
-0.884361	-0.085204	0.458962
0.815727	0.064543	0.574825
-0.130698	0.790224	-0.598718
-0.849877	-0.269292	0.452981
0.579151	-0.029383	0.814690
-0.578586	0.796313	-0.176422
0.762855	-0.644706	-0.049055
0.009606	0.989667	0.143065
0.741793	-0.191985	-0.642561
0.621237	0.225730	-0.750407
0.730944	-0.537200	0.420876
0.620990	-0.699317	0.354015
0.180335	0.982440	-0.047866
-0.344450	0.935191	0.082288
-0.034286	-0.994538	0.098584
0.196041	0.890819	0.409889
0.903806	-0.352754	-0.242280
0.532393	0.706872	-0.465714
-0.242557	0.277038	-0.929740
-0.905090	-0.419638	0.068668
0.317255	-0.599507	-0.734807
0.809976	0.445474	-0.381434
0.476535	0.272865	0.835739
-0.818977	0.082588	0.567853
-0.908067	0.269269	-0.320794
-0.756721	-0.183290	-0.627517
-0.535687	-0.217329	-0.815970
0.721039	-0.051501	-0.690978
0.186968	0.454220	0.871050
0.582880	0.794151	0.171974
-0.485370	-0.671951	0.559372
-0.064518	0.060339	-0.996091
-0.221052	0.892910	0.392234
-0.450735	0.372935	0.811022
0.686334	-0.225092	-0.691577
0.026509	0.239109	0.970631
0.079009	0.244066	-0.966535
-0.047287	0.309087	-0.949858
-0.334616	0.797337	-0.502280
-0.343167	0.602561	0.720525
0.584263	0.786696	0.199363
0.074157	0.340988	0.937138
0.808033	0.149414	-0.569875
0.544184	0.101291	-0.832829
0.609137	0.792829	-0.019336
-0.087594	-0.567299	0.818840
-0.579934	0.659663	0.478039
-0.565507	-0.786400	-0.248547
0.177789	0.981417	-0.072188
0.618561	-0.539138	0.571588
-0.258337	-0.809799	0.526770
0.869512	0.342775	-0.355603
0.597304	-0.384167	-0.704019
-0.091378	-0.910034	0.404338
0.603602	-0.304229	-0.736960
0.927582	0.200849	0.315041
-0.728820	-0.684259	-0.024715
-0.989443	0.108134	0.096490
-0.531062	-0.786871	0.314338
-0.209703	-0.671902	0.710332
0.861524	-0.079006	-0.501533
-0.884187	-0.343096	0.317016
-0.332916	0.030269	0.942470
0.873589	0.425398	0.236387
-0.371138	-0.687722	0.623936
-0.260667	-0.828609	0.495439
-0.299330	-0.124103	0.946045
-0.761483	-0.565628	-0.316557
0.796572	-0.165450	-0.581463
0.387816	-0.920561	0.046530
-0.334554	0.914150	-0.228919
0.025857	-0.274613	-0.961207
-0.170342	-0.158653	0.972529
0.337243	0.653103	0.678029
-0.752660	0.365595	-0.547579
-0.455550	-0.424420	0.782522
0.694263	0.579794	0.426425
0.127881	0.103275	-0.986398
0.847238	-0.531168	0.006979
0.823587	0.378260	-0.422640
-0.432091	0.644880	0.630419
0.470780	0.819349	-0.327159
0.969766	-0.170315	-0.174776
0.111309	0.508544	-0.853811
-0.121710	-0.188327	0.974536
0.100404	-0.900650	-0.422786
-0.559712	-0.257782	0.787573
0.060045	0.684542	-0.726497
-0.610006	0.387003	0.691463
0.455597	-0.657914	0.599651
-0.346690	0.112329	0.931230
-0.228837	-0.734448	0.638920
0.398122	0.662746	0.634245
-0.103059	-0.009975	0.994625
0.752814	0.136270	-0.643974
-0.883793	-0.213399	0.416379
0.518712	0.562109	0.644182
0.060009	0.998080	0.015352
-0.033809	0.807904	0.588344
-0.778688	-0.064377	-0.624100
-0.710756	-0.640632	-0.290546
-0.077470	0.947153	0.311286
-0.732501	-0.675218	-0.086734
0.010123	-0.591091	0.806541
-0.043713	0.964279	-0.261256
-0.077727	0.984988	0.154135
-0.207496	0.486694	-0.848572
0.654792	0.217248	0.723914
0.357953	0.470619	0.806466
0.962510	0.020699	-0.270456
-0.908762	-0.366151	-0.200215
0.775690	-0.217010	-0.592632
0.408221	0.669192	0.620917
0.268807	-0.883947	0.382598
-0.567811	-0.240382	-0.787278
-0.958506	-0.106909	-0.264267
0.701743	-0.005877	-0.712406
-0.218363	0.798770	0.560610
0.751134	0.109593	0.650990
-0.387800	0.172467	0.905465
-0.555026	-0.788406	0.265259
-0.369787	0.402007	-0.837644
0.381787	0.918184	-0.105721
0.930647	-0.230667	-0.284057
-0.876558	-0.424858	-0.226145
-0.022269	-0.425241	0.904806
0.110837	0.712603	-0.692756
-0.401424	0.106092	0.909727
-0.947669	0.305827	-0.091619
0.642035	-0.105028	-0.759447
0.257408	0.766520	-0.588378
-0.649652	-0.135496	0.748060
0.788684	-0.365663	-0.494234
-0.701287	-0.712863	-0.004757
-0.431965	-0.825119	0.364123
0.458867	-0.569565	-0.681936
0.433612	0.900543	-0.031673
0.398135	-0.270773	0.876453
0.815349	0.555341	-0.163713
-0.370627	-0.126151	-0.920175
0.032726	-0.645701	-0.762889
0.447545	0.535408	0.716269
0.280023	0.793881	0.539759
0.757578	0.367343	0.539569
0.949864	0.195290	0.244171
-0.626722	0.118795	0.770134
0.386494	-0.802359	0.454800
-0.961710	-0.155336	-0.225800
-0.280708	0.129955	-0.950955
0.445413	-0.577943	0.683805
-0.261573	0.552614	-0.791326
-0.646216	0.350233	0.678043
-0.738216	-0.268529	0.618813
-0.634155	0.688456	-0.351960
0.805533	-0.246857	0.538682
-0.002521	-0.857269	0.514862
-0.145224	-0.146688	-0.978464
-0.728689	0.505766	-0.461750
0.435524	0.832838	-0.341613
-0.562300	-0.282051	-0.777346
-0.038044	0.546540	0.836568
0.843453	0.155123	-0.514319
-0.486392	-0.206284	0.849041
-0.892347	0.430689	-0.134999
-0.672477	0.623656	-0.398532
-0.985868	-0.056089	-0.157853
0.884779	-0.460653	-0.070464
-0.144054	-0.945004	-0.293626
-0.636131	-0.325695	-0.699471
0.157992	0.249257	-0.955463
-0.493217	-0.048587	-0.868549
-0.074283	0.110806	0.991062
-0.557107	-0.795207	-0.239328
0.890573	0.202773	-0.407141
0.737332	-0.673410	0.053483
-0.531297	-0.385499	-0.754397
0.311134	-0.832147	0.459050
0.199714	0.978524	0.051049
0.238107	-0.209071	0.948470
-0.197052	-0.343277	0.918331
-0.754409	-0.656281	0.012758
0.008880	-0.959281	0.282314
-0.703687	-0.162268	-0.691733
-0.738724	0.328301	0.588647
0.836930	-0.530443	0.134826
-0.415420	-0.431065	0.801005
0.863982	0.143385	-0.482675
0.927757	0.357911	-0.105675
0.495206	0.868771	-0.002858
0.317495	0.945963	0.065966
0.355605	0.654494	0.667220
-0.952456	-0.266173	-0.148255
0.858402	-0.500835	-0.110954
-0.063329	-0.643123	0.763140
0.199730	-0.270991	-0.941632
-0.272144	0.833549	-0.480764
-0.929646	-0.257913	0.263133
0.802379	0.474389	0.362137
-0.903798	-0.202668	-0.376929
0.633240	-0.425140	-0.646732
0.847545	0.451152	-0.279518
-0.551156	0.788931	0.271690
-0.779903	0.269035	-0.565129
-0.300508	0.256878	0.918536
0.639882	-0.340374	-0.688982
0.779962	-0.534844	-0.324962
0.903965	0.285273	-0.318538
0.657489	0.642155	0.394139
-0.101509	-0.140028	-0.984931
0.160254	0.532736	0.830970
-0.225365	0.578821	-0.783694
0.728280	0.205865	0.653627
0.733017	-0.597075	-0.325865
-0.501106	0.724166	-0.473790
0.520576	-0.370509	-0.769236
0.803094	0.538798	0.254433
-0.136731	-0.822533	0.552036
-0.246304	-0.949967	0.192087
-0.365930	0.225838	0.902825
0.339813	0.806509	0.483809
-0.427736	0.201457	0.881168
0.902161	-0.365493	-0.229173
0.050262	0.102690	-0.993443
-0.614003	0.474828	-0.630507
-0.079866	0.950167	-0.301338
-0.192927	-0.927073	0.321425
0.725315	-0.019445	0.688142
0.186346	-0.903011	0.387101
0.368903	-0.908075	0.198271
0.925894	0.218756	-0.308002
-0.987721	0.131118	-0.084943
0.799634	0.502927	-0.328101
-0.938367	0.062674	0.339911
0.322525	-0.868621	-0.376132
-0.259434	-0.914617	0.310112
0.180846	0.576332	0.796955
0.003076	0.376752	-0.926309
0.501650	-0.183228	0.845443
0.073326	-0.066879	0.995063
0.841987	-0.528979	0.106016
-0.239161	-0.431200	0.869982
0.475946	0.729439	0.491320
-0.499546	0.057289	-0.864391
-0.613152	0.788147	0.053561
0.653171	0.498800	-0.569707
0.076221	0.166226	0.983137
-0.028229	-0.579397	0.814557
0.542609	-0.592646	0.595270
-0.464468	0.382457	0.798747
-0.530658	0.828783	-0.177544
0.362663	-0.845061	0.392872
-0.864999	0.483145	0.135452
-0.044574	-0.993702	-0.102811
-0.101843	-0.932186	0.347357
-0.641188	0.534653	-0.550476
0.106740	0.901319	0.419799
0.143054	-0.779539	0.609799
-0.520359	0.827896	-0.209319
0.781473	-0.596996	-0.181373
0.851790	0.318453	0.415982
0.657105	0.253628	0.709849
-0.952197	0.271921	0.139210
0.486529	0.772563	-0.407965
-0.099052	0.904406	-0.415015
-0.315917	-0.304395	0.898632
-0.857263	0.441977	-0.264115
-0.879307	0.142816	0.454338
-0.735859	0.403909	-0.543478
0.378080	0.631228	0.677205
0.791142	0.568791	-0.224879
-0.082728	0.385643	-0.918932
0.535883	-0.746492	0.394435
-0.664398	0.694288	-0.276658
0.673458	-0.614226	0.411316
-0.017808	0.967843	0.250925
0.203034	0.135213	-0.969791
0.181969	-0.253837	-0.949976
0.326263	-0.826807	-0.458196
-0.927024	0.074980	-0.367429
-0.582762	-0.280698	-0.762625
0.104789	-0.975271	0.194590
0.415406	0.404881	-0.814561
0.252545	0.236887	-0.938139
0.339000	0.613987	-0.712811
0.317776	-0.942220	-0.106017
0.341133	-0.931761	0.124301
-0.589931	0.302513	0.748644
0.654937	0.729997	0.195354
0.476180	0.819354	0.319238
-0.702868	0.629999	0.330269
-0.706421	0.705649	-0.055039
0.769607	-0.630349	0.101814
-0.969629	0.243763	-0.019962
-0.201090	0.955847	0.214286
0.801144	-0.036549	-0.597354
0.210822	-0.707597	0.674434
-0.971698	-0.192290	0.137217
0.454570	-0.372245	-0.809197
-0.853924	-0.447318	0.265935
-0.994310	-0.063926	-0.085211
0.997103	-0.065468	-0.038717
-0.920404	-0.126606	-0.369903
0.170689	-0.886104	0.430912
0.443279	-0.354695	0.823222
-0.213548	0.631409	0.745466
-0.130574	0.606446	-0.784330
-0.076721	0.996108	-0.043389
0.962622	-0.185951	-0.196930
-0.104453	0.976033	0.190918
0.321998	0.607954	-0.725747
-0.059100	0.699558	0.712127
0.763555	-0.604337	-0.227508
-0.799853	0.009032	0.600127
-0.001153	-0.692980	-0.720956
-0.058115	0.971115	-0.231427
0.424233	-0.056856	0.903766
0.236274	-0.117408	-0.964567
-0.334719	-0.742883	0.579731
-0.848382	-0.046781	0.527314
-0.674220	-0.276210	0.684934
-0.778254	-0.530134	0.336568
0.328014	0.162139	0.930654
-0.034055	-0.838072	0.544496
0.774369	0.223892	0.591798
-0.569717	0.628096	0.530017
-0.498943	0.390266	0.773788
0.713857	-0.569326	0.407771
-0.739004	0.604401	-0.297612
0.093378	0.768557	-0.632930
-0.880501	0.452583	-0.141022
-0.057324	0.967336	-0.246931
-0.181052	-0.980014	0.082423
-0.128511	-0.396727	0.908896
-0.117539	-0.059601	-0.991278
-0.898645	0.027282	-0.437827
0.415411	0.569970	0.708920
0.222310	0.916851	-0.331607
0.937627	0.026677	0.346617
0.454776	-0.379288	0.805804
-0.097754	0.907119	-0.409364
0.214254	0.159228	-0.963712
-0.218116	-0.970923	0.098664
-0.516462	-0.203712	0.831726
-0.204042	-0.455831	0.866363
-0.572472	0.457349	0.680520
-0.389809	-0.916294	0.091944
-0.129632	0.718359	0.683488
-0.770559	-0.513150	-0.378042
-0.795989	-0.116178	-0.594057
-0.810844	-0.539944	0.225815
-0.676768	0.718860	0.158826
-0.971027	0.048932	0.233906
0.442462	0.259146	-0.858528
0.157606	0.666371	-0.728773
0.564624	0.144508	-0.812599
-0.643796	0.763373	-0.052795
0.125019	0.885830	-0.446851
-0.898856	-0.418891	0.128799
0.527822	-0.518399	-0.672805
0.695075	-0.522807	0.493502
0.369148	0.438144	-0.819609
0.423415	-0.508307	-0.749896
-0.596162	0.707867	0.378834
0.867822	-0.495152	0.041354
0.391557	0.913461	0.110782
-0.381398	0.373509	-0.845592
-0.828303	0.282552	-0.483817
0.955164	0.284396	-0.082341
-0.157297	0.599340	0.784888
0.347895	0.781508	-0.517894
0.173640	-0.872874	0.456004
-0.935537	-0.051391	0.349471
-0.320612	-0.179774	-0.929994
-0.701998	-0.617688	-0.354486
0.728635	-0.267598	0.630461
-0.981646	-0.090783	0.167718
-0.204357	0.829958	0.519045
-0.250848	-0.965351	-0.071920
-0.596552	0.801683	0.037825
0.235997	0.155689	0.959201
0.409921	-0.061391	-0.910053
0.791585	0.193166	0.579725
0.086732	0.579776	0.810146
0.954288	0.235247	0.184370
-0.444961	-0.404348	-0.799070
-0.540121	-0.213220	0.814129
-0.304448	-0.690057	-0.656607
0.265105	0.639418	0.721709
0.394213	0.843389	0.365091
-0.711754	-0.533989	-0.456357
0.153017	0.252329	-0.955466
0.978204	0.156198	-0.136820
-0.505691	0.850201	0.146403
0.109310	0.929866	0.351284
-0.610608	-0.350204	-0.710292
0.811197	-0.180096	0.556349
-0.885291	0.130871	-0.446243
0.373223	-0.132805	0.918187
0.728029	0.238658	0.642664
-0.700896	-0.579854	0.415348
-0.434859	0.690341	-0.578210
-0.728794	0.143603	-0.669505
-0.301480	-0.151988	-0.941281
0.327015	0.761484	-0.559646
0.639002	0.113425	0.760797
0.332476	-0.438989	0.834715
0.815724	-0.132283	0.563112
0.389865	-0.624484	0.676776
-0.880079	-0.447601	-0.158476
0.209781	-0.822345	0.528906
0.396995	0.910327	0.117042
-0.052069	0.973272	-0.223673
0.880598	-0.391070	-0.267605
-0.866676	-0.159343	-0.472740
0.839177	0.412825	0.354058
-0.124394	0.875094	0.467694
0.495977	-0.566290	0.658272
-0.921526	-0.388289	-0.004594
-0.988210	-0.143925	-0.052212
0.271373	-0.445431	-0.853199
-0.510322	-0.605232	-0.610955
-0.520303	0.581673	-0.625253
0.128035	0.818558	-0.559974
0.550957	0.113208	-0.826820
-0.400442	0.718826	-0.568274
-0.512647	-0.628858	0.584577
-0.518393	0.432562	-0.737671
-0.532701	-0.633925	-0.560685
0.164886	0.362484	0.917288
-0.965907	0.033515	0.256710
0.196552	-0.147883	0.969277
-0.040594	-0.253733	-0.966422
0.535005	0.268152	0.801164
0.178141	-0.393965	0.901697
0.926300	0.359928	0.111448
-0.188740	-0.401430	0.896231
-0.205195	-0.383714	-0.900366
-0.193326	-0.862706	0.467293
0.906234	-0.391810	0.158825
0.892912	0.317457	0.319264
-0.846282	0.453342	-0.279801
0.888716	-0.422912	0.176999
-0.157045	0.658131	0.736343
0.812638	-0.557873	0.168514
0.763445	0.475883	-0.436678
-0.460903	-0.869125	-0.179417
0.203961	0.847486	-0.490069
0.809290	0.455624	-0.370751
0.141274	0.853909	0.500881
-0.843254	-0.534439	0.057423
0.170929	-0.710222	0.682911
0.045834	-0.953997	0.296291
-0.554108	-0.773751	0.307039
-0.324730	0.267508	-0.907188
-0.285393	0.235504	-0.929026
0.764314	0.021597	-0.644482
0.823197	-0.076256	-0.562612
-0.762489	-0.097668	-0.639586
-0.076787	0.195337	-0.977726
0.308029	-0.845852	-0.435492
0.657710	-0.101939	0.746341
-0.490144	0.215572	-0.844563
0.379286	-0.650700	-0.657824
0.914594	0.380219	-0.137663
0.074412	0.338317	0.938086
0.553552	-0.476785	-0.682830
-0.363659	0.503596	-0.783673
0.342594	-0.805430	-0.483644
0.874368	0.415274	0.251053
-0.130856	-0.877372	0.461621
-0.981798	0.053412	0.182263
-0.641698	-0.564997	0.518653
0.369578	-0.583829	-0.722881
0.224922	-0.973796	0.033631
0.609155	-0.130535	0.782235
0.482443	-0.159654	-0.861254
0.990971	0.048759	0.124892
0.905061	-0.402072	0.138571
0.697093	-0.501774	0.512136
0.331776	-0.444283	-0.832189
0.836019	-0.547879	0.030015
0.260813	-0.900949	0.346797
-0.133825	0.523554	0.841416
-0.424963	0.304109	0.852599
-0.459855	-0.869189	-0.181782
0.944589	0.325063	0.045669
-0.793371	-0.440246	-0.420412
-0.616815	-0.007009	-0.787077
0.059709	-0.934358	0.351298
-0.874565	-0.092615	-0.475981
-0.911387	-0.411484	-0.007340
0.705330	0.299606	0.642453
-0.884711	-0.211491	-0.415400
0.538392	0.723513	-0.432046
-0.927783	0.191641	0.320145
-0.981545	-0.165297	0.096154
-0.258510	0.965919	0.013197
0.329426	0.552378	-0.765739
0.073462	-0.026274	-0.996952
-0.166690	0.920598	0.353147
-0.169645	0.456343	0.873482
0.178236	-0.410133	0.894440
-0.401510	-0.610870	0.682369
0.877376	0.280408	-0.389337
0.153471	-0.972217	-0.176749
-0.236890	-0.922215	0.305618
-0.090710	-0.887984	-0.450839
0.373614	0.510328	0.774582
0.092277	0.662303	0.743532
-0.818779	0.550431	0.163179
0.225007	-0.236233	0.945286
0.086718	0.970664	0.224258
0.929143	0.037542	0.367810
-0.965615	0.044119	0.256207
-0.111976	-0.423224	0.899079
-0.923955	-0.320541	0.208713
-0.201356	-0.418532	-0.885600
0.757952	0.515457	0.399764
0.114338	0.811620	0.572887
0.895141	-0.443396	0.046079
-0.757181	-0.067523	-0.649706
0.267121	0.932342	-0.243689
0.952535	0.175009	-0.249098
0.507859	-0.749415	-0.424801
-0.044647	0.959265	0.278956
0.072528	0.959774	0.271245
-0.690167	-0.714305	-0.115919
-0.053837	-0.370448	-0.927292
0.565141	0.797853	-0.209870
0.178023	-0.017762	0.983866
0.541815	0.838146	-0.062829
0.640289	-0.606073	0.471916
0.803500	0.445851	-0.394468
-0.866356	0.353257	-0.353038
0.735453	-0.039209	0.676441
-0.103185	0.847078	0.521355
0.378336	0.399078	-0.835223
0.602185	0.003095	0.798351
0.353520	0.393293	-0.848731
-0.523353	-0.121750	-0.843373
0.949281	0.314428	-0.000890
-0.907918	-0.418360	0.025674
0.595682	0.205217	-0.776562
0.615591	-0.487353	-0.619301
0.489058	-0.827124	0.276926
-0.198591	-0.505643	-0.839575
-0.659287	-0.581180	0.477043
0.165700	0.366936	-0.915369
0.302403	-0.895471	-0.326624
-0.648214	-0.761270	-0.016915
-0.116325	0.983986	-0.135053
-0.926234	-0.376307	0.021970
-0.152657	0.987635	-0.035672
0.244127	-0.417736	0.875156
-0.263511	0.434965	-0.861027
0.978732	-0.142998	-0.147086
0.063407	-0.958737	-0.277134
-0.630954	0.058848	0.773585
0.613079	-0.266608	0.743676
0.689093	-0.446315	0.570923
-0.450936	0.688323	0.568215
-0.199724	-0.965311	0.168184
0.210572	-0.881517	-0.422595
0.913354	-0.355684	0.198176
0.660208	-0.717399	0.222406
-0.850675	-0.186023	0.491678
0.665869	0.572849	-0.477978
0.328865	0.856992	0.396752
0.264152	0.909852	-0.319990
0.970606	0.240186	-0.015313
0.051764	-0.250161	-0.966820
-0.981411	-0.155743	0.112145
-0.127356	0.970578	0.204350
-0.923868	0.020369	-0.382169
-0.020860	-0.911297	0.411221
-0.312466	-0.262560	-0.912922
0.658212	0.580472	0.479385
0.420703	0.906611	-0.032637
0.800137	-0.445705	0.401408
-0.356166	-0.590167	-0.724465
0.440163	-0.478644	0.759708
-0.621087	0.678684	0.391968
0.197682	0.537142	-0.820000
0.431663	0.894575	0.115772
-0.536267	-0.638025	-0.552577
0.647175	0.406691	0.644800
0.609608	0.001657	-0.792701
-0.786830	-0.563562	-0.251589
-0.498097	-0.164159	0.851440
-0.010329	-0.839410	-0.543400
-0.563046	0.686727	-0.459765
0.688601	-0.001926	-0.725138
0.730131	0.583186	0.356094
0.543376	-0.386777	0.745081
0.186442	-0.981916	-0.032867
-0.977739	-0.053505	-0.202889
-0.446005	0.105398	0.888803
0.322283	0.829324	0.456460
-0.418860	0.793931	-0.440714
-0.330517	-0.225861	-0.916376
0.459995	0.520289	0.719516
0.617601	-0.351970	0.703339
-0.559159	0.769926	-0.307498
0.407007	-0.910080	-0.078098
-0.036911	0.987728	-0.151762
0.464096	-0.024261	-0.885453
0.686130	0.031422	0.726800
-0.839959	-0.111256	0.531122
0.641706	0.346344	0.684294
0.699719	0.079356	-0.709997
0.192945	0.446759	-0.873601
-0.166899	-0.589933	-0.790015
-0.979920	-0.041000	0.195131
0.746680	0.590589	0.306062
0.747369	0.627980	-0.216982
-0.560944	0.546679	-0.621679
-0.561281	0.826991	0.032394
0.673879	-0.735932	0.065503
0.955840	-0.282571	0.080769
0.741793	0.222733	-0.632560
-0.113129	0.915960	-0.384991
-0.177091	-0.238051	0.954971
0.603630	-0.523713	-0.601129
0.526266	-0.315567	-0.789596
-0.710161	-0.206606	-0.673041
-0.351743	0.539163	0.765232
-0.669590	0.295456	0.681436
-0.342523	0.159516	0.925868
-0.931037	-0.274841	0.240067
0.293206	0.857765	-0.422219
-0.403554	-0.561352	-0.722515
0.311833	-0.083089	-0.946497
-0.517263	-0.598712	-0.611541
-0.118957	0.145662	-0.982157
-0.712186	0.502569	0.490119
0.550406	0.383493	-0.741611
0.949605	0.098606	0.297537
0.751889	0.141823	0.643855
0.739343	-0.535461	-0.408232
-0.503239	0.186311	-0.843824
-0.159083	-0.979207	-0.125880
-0.845164	0.442118	0.300382
-0.644536	-0.289371	-0.707699
-0.973758	0.227584	0.000164
0.003460	-0.146629	-0.989186
0.543415	-0.153199	0.825367
0.402927	0.600551	-0.690643
0.039352	0.588425	0.807594
-0.119063	0.829510	0.545654
0.362584	0.850386	0.381283
-0.330459	-0.502547	-0.798902
-0.519157	0.693858	0.499037
0.349277	0.816285	-0.460092
0.533750	0.018729	-0.845435
-0.132056	0.701091	-0.700737
0.435161	-0.557698	-0.706830
-0.383596	-0.515153	-0.766467
-0.485971	0.031482	-0.873408
0.099314	0.984642	0.143588
-0.839739	0.345706	-0.418720
0.217543	-0.852355	-0.475570
0.185461	0.948252	-0.257724
-0.464098	0.543650	0.699327
-0.032655	0.309952	-0.950191
0.119923	-0.882731	-0.454317
0.342924	0.039552	0.938530
0.119748	-0.882802	0.454226
-0.097173	0.987157	0.126799
0.546045	-0.168619	-0.820611
-0.750297	-0.603143	0.270688
0.067610	-0.461357	0.884635
0.697308	0.530594	-0.481905
-0.939419	-0.039338	0.340507
0.146749	-0.806851	-0.572238
0.108334	0.675789	-0.729091
0.063876	-0.389382	-0.918859
-0.413157	0.546736	-0.728272
-0.997974	0.049292	0.040235
0.318835	-0.537934	0.780367
-0.401182	-0.865623	0.299583
0.668598	-0.471266	-0.575226
0.443012	0.107033	-0.890104
0.275192	0.890956	-0.361201
-0.915658	-0.361973	-0.174772
-0.032323	-0.008964	0.999437
-0.680282	0.633691	-0.368311
-0.045570	-0.409189	-0.911311
-0.254406	-0.967095	-0.002122
0.703459	0.678765	0.210768
-0.800563	-0.249427	-0.544872
-0.958380	0.074083	0.275715
0.215462	0.240109	0.946533
0.226775	-0.449323	0.864108
0.814148	-0.358741	-0.456582
0.118126	-0.539774	-0.833481
0.188954	0.292269	0.937483
-0.035702	-0.102533	0.994089
0.757734	-0.206413	0.619057
-0.877036	-0.015524	0.480173
-0.113925	-0.657990	-0.744359
0.341635	-0.337550	0.877123
-0.235815	-0.375214	0.896440
0.655563	0.153431	0.739389
-0.686970	0.458451	-0.563822
-0.315820	0.718742	0.619409
-0.101359	0.143076	-0.984508
0.941787	0.332142	0.052138
0.842299	-0.405474	-0.355139
0.522476	0.254675	-0.813732
0.196309	-0.693648	0.693048
-0.861644	0.119400	-0.493267
-0.959699	-0.089904	-0.266260
-0.053915	-0.907520	0.416535
-0.804404	0.062515	0.590785
0.952412	0.008409	-0.304699
-0.327172	0.944964	0.001114
0.422606	-0.637323	0.644379
0.234913	-0.294543	-0.926315
-0.911323	0.262779	-0.316920
-0.003567	-0.407456	-0.913218
-0.740306	-0.669057	0.065646
-0.037115	-0.842382	0.537601
-0.091902	0.995766	0.001831
-0.112592	0.391369	-0.913320
0.006096	0.981388	-0.191937
-0.829686	0.532431	0.167745
0.005418	0.419270	0.907846
0.460482	-0.864671	-0.200748
-0.231699	0.406355	-0.883850
-0.576410	0.687253	-0.442080
0.689544	0.724224	0.005322
-0.483591	-0.318353	-0.815347
0.210410	-0.614322	0.760484
-0.546693	-0.784011	-0.294032
0.128962	0.640128	-0.757367
-0.106668	-0.942238	-0.317506
0.897556	-0.366856	0.244562
0.859207	0.303275	0.412053
-0.647932	0.702250	0.295008
0.676886	-0.110903	-0.727685
-0.642298	0.250439	0.724385
0.222153	-0.923713	-0.312092
0.481947	0.470907	0.738900
-0.073602	-0.338711	0.938007
-0.088912	0.956325	0.278455
-0.902803	-0.283965	-0.322971
-0.162275	-0.790562	0.590490
0.691397	-0.265726	0.671833
0.084577	-0.630019	0.771960
0.014083	0.997231	0.073022
0.913451	0.286970	-0.288542
-0.920819	-0.373064	0.113650
0.135158	-0.031829	0.990313
-0.636401	-0.687804	-0.349171
0.231511	-0.640714	-0.732043
-0.185347	0.873498	0.450164
0.491464	-0.685444	-0.537243
-0.797252	-0.556852	0.233033
-0.630567	-0.546376	-0.551234
0.243693	-0.417189	0.875538
0.944940	0.220987	-0.241358
-0.009469	0.999913	0.009211
0.940857	0.034885	0.337004
0.447849	-0.460583	0.766351
-0.648322	0.270295	0.711772
0.350376	0.906682	-0.234870
0.056004	-0.514070	0.855918
-0.859999	0.497943	-0.111596
0.697539	0.336102	-0.632831
-0.446875	-0.860874	-0.243307
-0.921021	0.295493	-0.253780
-0.355962	0.802300	-0.479172
0.057107	0.781444	0.621357
-0.748218	-0.333554	0.573508
0.502752	0.282541	0.816952
-0.215286	-0.695626	0.685388
-0.947893	-0.296448	0.116692
-0.077472	-0.430066	0.899467
0.666374	-0.701055	-0.253905
0.847187	0.530149	-0.034885
-0.785795	0.584538	-0.202095
-0.472268	0.146091	0.869264
0.757131	0.594312	0.271193
-0.078386	-0.908116	0.411316
0.389983	0.470249	0.791694
0.363609	0.115759	0.924331
0.476299	-0.259570	0.840097
-0.751444	-0.645873	0.134832
-0.245788	0.561190	-0.790351
0.631192	-0.657357	-0.411678
-0.061793	0.948376	0.311070
0.779846	-0.605070	-0.160407
-0.673661	-0.738479	-0.028804
0.349193	-0.250326	0.902996
0.734528	0.513402	0.443720
0.338706	-0.735545	-0.586730
-0.812873	-0.441657	-0.379706
-0.450364	0.891717	0.044862
0.715411	-0.508053	-0.479654
0.357092	0.267341	0.894994
0.174954	-0.203153	0.963390
-0.033846	-0.597081	-0.801466
0.839893	-0.127547	-0.527552
-0.472049	0.457252	-0.753718
0.507550	-0.672974	-0.538051
0.874240	0.440962	-0.203120
-0.336696	0.909996	-0.241956
-0.803643	0.442666	-0.397751
-0.673851	0.473966	0.566816
-0.977922	0.206347	0.033019
0.851127	-0.045732	0.522964
0.111639	-0.669743	-0.734153
0.594881	0.124408	0.794128
0.016355	0.965684	0.259204
-0.191001	0.980906	0.036620
0.876047	0.070973	0.476975
0.838969	0.292955	-0.458593
-0.368914	-0.347318	-0.862133
-0.378859	-0.264234	-0.886931
-0.675237	-0.635565	-0.374315
-0.697051	0.087951	0.711607
-0.668796	-0.662025	-0.338283
0.233936	-0.320324	0.917969
0.401907	0.222712	-0.888184
-0.205774	-0.321228	-0.924375
0.573209	0.284725	-0.768351
0.259459	0.537695	-0.802225
-0.467074	0.421615	-0.777227
-0.534414	-0.186737	0.824337
0.083527	0.984287	-0.155571
-0.780315	0.325154	0.534212
-0.321698	0.693214	0.644953
-0.085702	0.996249	0.011931
-0.136242	-0.819490	-0.556664
-0.189514	0.966333	0.174028
-0.008370	0.336618	-0.941604
0.630559	0.733694	-0.253159
-0.272819	-0.962064	0.001387
0.320225	0.594647	0.737463
0.335015	-0.356639	0.872109
-0.670215	-0.383285	0.635535
-0.423305	0.833484	-0.355130
-0.978699	0.193689	-0.068066
0.307784	-0.876654	0.369794
-0.800206	-0.284540	0.527927
-0.876413	-0.057103	0.478163
-0.077804	0.982056	0.171795
-0.366586	-0.349230	0.862353
-0.088105	-0.973027	0.213206
0.433446	-0.898643	0.067559
0.919055	0.391132	-0.048510
-0.318344	-0.530971	0.785319
0.908171	0.267730	-0.321785
-0.557961	0.799259	0.223303
0.009629	0.058132	0.998262
0.697447	-0.715281	0.044057
0.534037	-0.821788	-0.198668
0.476945	-0.490320	-0.729459
0.397019	-0.428601	-0.811589
0.157285	0.651362	0.742286
0.542333	0.707708	0.452797
-0.130100	0.940472	-0.313984
-0.530417	-0.827081	0.185999
-0.688010	0.299287	-0.661113
0.617654	0.749366	0.238651
0.698303	0.534917	0.475643
-0.235494	0.713054	0.660376
-0.524571	-0.771071	-0.360936
0.390623	-0.824836	0.408728
0.920877	0.246590	-0.301960
0.228994	0.514671	0.826242
0.267981	0.192689	-0.943958
0.360665	0.917743	0.166341
0.212103	-0.976864	0.027361
0.046092	0.429063	-0.902098
0.225615	0.972283	-0.061341
-0.728616	0.224098	-0.647224
-0.951189	0.165457	0.260506
0.639310	0.643634	-0.420736
0.848272	0.514123	-0.126930
-0.451330	0.885905	0.107113
-0.983627	-0.173582	-0.048449
0.725258	-0.144331	0.673178
-0.750501	0.363239	0.552092
0.580503	-0.295480	-0.758754
-0.474833	-0.741034	-0.474766
0.950385	0.195153	0.242247
-0.959943	-0.163225	0.227743
-0.038475	0.821554	-0.568831
-0.415794	0.905232	-0.087577
-0.828621	-0.550712	-0.100518
-0.282943	0.214435	-0.934859
0.609726	-0.601483	-0.516190
0.382139	-0.303849	0.872723
-0.495917	-0.821181	0.282361
-0.808772	-0.014834	0.587935
-0.472001	-0.828887	0.300270
-0.584933	-0.332794	0.739663
0.047821	0.692150	-0.720167
0.006702	-0.104371	-0.994516
-0.977373	0.179283	0.112245
0.736659	-0.675345	0.035259
-0.066960	0.569605	0.819186
0.303867	-0.430700	-0.849801
0.888417	0.002706	-0.459029
-0.274442	0.734290	0.620887
-0.119215	-0.376010	0.918915
0.658558	-0.661892	-0.358053
0.968606	-0.217689	-0.120055
0.712313	0.476494	-0.515328
0.519017	-0.845048	0.128511
-0.785878	0.226727	-0.575318
-0.068228	-0.974153	0.215340
-0.961032	0.146772	-0.234255
0.812533	-0.117305	-0.570989
-0.326774	0.461424	-0.824807
0.622802	0.184316	0.760358
0.867626	0.458960	0.191261
0.140224	-0.886392	0.441187
0.006504	0.947380	0.320044
0.453517	0.212679	0.865500
-0.266487	0.938299	-0.220407
0.171061	-0.122701	-0.977590
0.233058	0.357469	0.904378
0.448546	-0.868376	0.211493
-0.460322	-0.502027	-0.732169
0.891698	0.434426	0.127078
-0.326123	0.220087	-0.919351
-0.223383	0.369309	0.902059
-0.278994	-0.490450	0.825604
0.797231	0.588745	0.133427
0.482034	-0.125133	0.867171
0.688887	0.586601	0.425833
0.676333	-0.735774	-0.034771
0.754035	-0.438331	-0.489180
-0.135625	-0.939032	0.315952
0.919590	0.230384	-0.318241
0.734258	-0.036834	-0.677871
-0.932143	-0.330693	-0.147482
-0.813931	0.515459	0.267990
0.712612	0.495952	0.496201
-0.523493	-0.850133	0.056822
0.561911	0.225846	-0.795770
0.724768	0.680471	-0.108028
0.525318	-0.793741	-0.306619
0.675344	-0.669376	0.309590
-0.713353	-0.621683	-0.323478
0.985902	0.154457	0.064346
0.360566	0.202580	0.910469
-0.799894	0.557227	0.222861
0.918467	-0.363662	0.155463
-0.028910	-0.738308	0.673844
-0.887673	-0.394343	-0.237761
0.746079	0.181836	0.640547
-0.793482	0.090505	0.601827
-0.698939	0.643138	-0.312823
0.292716	-0.014233	-0.956094
-0.955945	0.213499	-0.201464
0.716537	0.502372	-0.483939
0.896374	-0.419108	0.144439
-0.720727	0.379536	0.580090
0.051834	0.921382	-0.385185
0.326050	0.908385	0.261778
-0.715104	-0.689989	-0.111992
-0.781168	0.619976	0.073531
-0.727837	-0.395141	0.560461
0.136250	0.958454	0.250604
-0.832455	-0.010928	-0.553985
-0.353671	-0.014394	-0.935259
0.178177	0.621416	-0.762951
0.732860	0.513784	-0.446030
-0.054141	-0.807570	-0.587282
0.565310	0.725081	0.393297
0.355168	-0.695537	-0.624567
0.308964	-0.931283	0.193014
0.518430	0.586835	0.621977
-0.717947	0.636544	0.281716
-0.626182	-0.270414	0.731281
0.338621	0.585548	-0.736525
-0.825629	-0.436397	0.357623
0.997832	-0.059766	0.027568
0.343126	-0.936990	0.065687
0.994138	-0.087155	0.063988
-0.989958	-0.141299	0.004121
-0.198980	-0.719782	0.665072
-0.200980	-0.859146	0.470611
-0.645944	0.122421	0.753504
0.043948	-0.623829	-0.780325
-0.983906	-0.120868	-0.131603
-0.582193	-0.743097	0.329937
-0.723667	0.060386	0.687502
-0.315409	-0.942333	0.111920
0.469534	-0.189047	-0.862438
0.029118	-0.255357	-0.966408
-0.679972	-0.492812	0.542931
0.576937	-0.689858	-0.437309
-0.022343	-0.484053	-0.874753
0.550551	-0.161978	-0.818936
-0.559381	0.799150	-0.220119
-0.099178	0.994999	0.011853
0.944620	0.304459	0.122468
0.784001	-0.456882	-0.420240
0.524017	-0.470524	0.709939
-0.992466	0.027363	-0.119426
0.109366	-0.991106	-0.075813
-0.866912	-0.176361	0.466219
-0.109013	-0.891541	-0.439627
0.638443	0.409863	-0.651462
-0.019116	0.897678	-0.440238
0.759418	-0.163559	-0.629709
0.401057	-0.823948	0.400329
-0.779583	-0.616177	-0.112143
-0.254167	0.806812	0.533342
0.271084	0.778891	-0.565546
-0.092357	-0.703842	0.704327
-0.509909	-0.208878	-0.834484
-0.494287	0.562008	-0.663195
0.267732	-0.917765	-0.293302
-0.318658	-0.947804	-0.011127
0.475380	-0.462959	0.748119
0.948292	0.056641	-0.312304
0.788792	-0.147531	-0.596692
0.647367	0.629186	-0.430165
0.788874	0.612802	-0.046397
-0.916671	-0.286196	-0.278938
-0.000185	0.857565	-0.514375
-0.593316	-0.173621	-0.786023
0.775243	0.571862	0.268275
0.877375	0.462277	-0.128503
0.062061	0.047749	-0.996930
-0.234072	-0.197722	-0.951901
0.394279	0.516050	0.760419
0.810562	-0.215654	0.544501
-0.982114	0.152469	0.110481
0.147985	0.376757	-0.914415
-0.628739	0.757474	-0.175844
-0.178945	-0.952172	-0.247683
-0.297946	-0.951580	-0.075654
0.039013	0.603551	0.796369
-0.404271	-0.746670	-0.528250
0.197567	0.764961	-0.613027
-0.719952	0.153057	0.676936
0.951950	-0.270316	0.143944
0.999058	-0.010115	-0.042195
0.680954	0.679995	-0.271861
-0.114734	-0.551363	0.826338
-0.403195	-0.896619	0.183051
0.529115	0.276201	-0.802340
-0.135574	-0.683542	-0.717210
0.873184	0.265111	0.408982
-0.446743	0.426495	0.786462
0.382664	-0.613001	-0.691230
0.702715	0.025996	0.710997
0.935436	-0.338051	0.103346
-0.210815	0.373928	-0.903180
0.673329	-0.468425	0.572019
0.192458	0.858988	0.474447
0.401823	0.755274	0.517783
-0.255002	-0.019085	0.966752
0.115170	0.303239	0.945929
-0.323172	0.381469	0.866049
-0.237747	0.961267	0.139438
0.724280	0.685445	0.074719
-0.343111	0.888922	0.303468
0.368362	0.555257	-0.745654
0.566084	-0.800451	-0.197045
0.887370	0.140592	-0.439099
-0.153282	0.791883	-0.591123
-0.394227	-0.825282	-0.404346
0.399910	0.905034	-0.144861
-0.377916	0.558211	0.738634
-0.581592	-0.046661	-0.812141
-0.034030	0.187166	-0.981739
0.979550	-0.070450	-0.188462
-0.790248	0.596071	0.142151
0.778867	0.483099	0.399977
0.960771	-0.272440	0.051928
0.084641	0.985993	-0.143716
-0.926028	0.308817	0.217035
0.322134	-0.860271	-0.395175
0.046774	-0.232778	-0.971404
0.597109	-0.786203	-0.159206
0.885151	0.454471	-0.099819
-0.323111	-0.266390	0.908095
0.385302	-0.921356	0.051442
-0.020683	0.909998	-0.414095
0.047160	-0.544462	0.837459
0.936493	-0.004348	-0.350660
0.435152	0.507954	-0.743388
0.181529	0.983250	0.016324
-0.527965	0.780410	-0.334981
-0.113335	-0.912089	-0.394017
0.295139	0.530900	-0.794380
0.385808	0.922578	-0.001241
0.890320	-0.209095	-0.404487
0.738975	-0.573725	-0.353208
0.158477	-0.936624	-0.312442
-0.791771	-0.443226	0.420296
0.759571	0.647042	0.066252
0.710018	0.575575	0.405694
-0.707347	0.563708	0.426489
0.298423	0.748359	-0.592370
-0.620546	0.665706	-0.414437
-0.895181	0.020063	-0.445251
-0.756528	-0.651589	0.055643
-0.661787	-0.746073	-0.073570
-0.572071	-0.751221	0.329244
0.304795	0.225257	-0.925397
-0.206159	0.838933	0.503676
0.295205	0.781139	0.550160
-0.290015	-0.953165	0.085830
0.286522	-0.888376	-0.358738
-0.621316	0.275097	0.733682
-0.264206	0.287861	0.920506
0.376516	0.700087	0.606724
-0.470620	0.772874	-0.425656
-0.625444	-0.340038	-0.702278
-0.614378	0.051030	0.787360
-0.888986	-0.013626	-0.457733
0.594833	0.654478	-0.466725
-0.062002	-0.483517	0.873136
0.688357	0.094928	0.719134
0.729989	-0.114702	-0.673765
0.849660	0.507145	0.144505
0.303894	0.138627	0.942566
0.249971	0.072788	-0.965513
-0.130134	0.978125	-0.162285
-0.549443	-0.287792	-0.784403
0.942725	0.263477	-0.204569
-0.453420	-0.663938	0.594640
-0.032100	-0.836872	0.546457
0.080317	0.510206	-0.856293
-0.598945	0.194776	-0.776741
-0.063216	0.980050	-0.188427
0.256543	-0.122551	0.958732
-0.319100	-0.028344	0.947297
0.973424	-0.151139	-0.172053
0.198813	-0.833358	-0.515740
0.325035	0.943795	0.060026
0.045455	-0.942573	-0.330892
-0.111076	-0.991690	-0.064911
0.913053	0.268348	0.307121
-0.112801	-0.612123	0.782676
0.335128	0.408936	-0.848800
0.421357	-0.067323	-0.904392
0.755057	0.655343	-0.020370
0.991703	-0.063470	-0.111793
0.404983	0.308302	0.860778
-0.800449	0.317663	0.508303
-0.334063	0.905189	-0.262747
-0.966312	0.071423	-0.247264
-0.971519	0.154026	0.180076
0.605079	-0.791421	0.086789
0.562515	-0.344723	0.751494
0.055314	-0.895043	0.442537
0.611262	0.238562	0.754617
0.415840	-0.621804	0.663654
0.510965	-0.693183	-0.508342
0.980073	-0.113550	-0.162980
0.586503	-0.351810	-0.729551
0.725456	0.085268	0.682967
0.580926	-0.703555	-0.409310
0.748880	0.654179	0.105962
0.234868	-0.917886	-0.319877
0.355072	-0.053095	-0.933330
0.845028	0.400834	0.353921
0.788448	-0.524679	-0.321032
-0.419882	0.511017	-0.750040
0.366658	-0.672548	-0.642839
0.112929	0.939905	0.322218
0.270142	0.493816	-0.826541
-0.206698	-0.192711	-0.959239
-0.876643	-0.027036	0.480382
-0.856313	-0.373173	0.357029
0.604044	0.594728	0.530500
0.560105	0.683970	-0.467405
-0.340438	-0.808351	0.480283
0.747209	-0.363905	0.556105
-0.220494	-0.886343	0.407158
-0.636506	-0.645899	-0.421515
0.885910	0.292283	0.360186
-0.629925	0.763679	-0.141383
-0.781339	-0.243731	-0.574547
0.798734	0.486242	-0.354391
-0.070761	-0.807521	0.585579
0.131076	-0.968100	-0.213544
0.365512	0.885064	0.288206
0.936857	0.264997	0.228200
0.597851	0.600971	-0.530478
-0.657441	-0.153508	0.737704
-0.956016	-0.058970	0.287327
0.282749	0.897353	-0.338837
0.375481	0.719426	0.584329
-0.943385	-0.003219	-0.331684
0.475082	-0.395180	-0.786212
0.923329	-0.383777	0.013362
-0.658384	0.486058	0.574698
0.315059	-0.062956	-0.946982
0.716487	0.208823	0.665612
-0.155313	0.915062	-0.372208
0.641049	-0.200259	0.740913
-0.963141	-0.161666	-0.214994
-0.708086	0.597364	0.376524
-0.837707	-0.524870	-0.150858
-0.870342	-0.397619	0.290525
-0.433799	0.839413	0.327421
0.700745	0.634575	0.325993
0.593580	0.694513	-0.406589
0.555207	-0.041345	-0.830684
0.640692	-0.694867	-0.326610
-0.953107	-0.272342	-0.131971
-0.934867	0.353939	-0.027386
-0.923962	0.369804	-0.097667
-0.824525	-0.426796	0.371487
0.962061	0.141135	0.233493
0.261325	-0.913583	-0.311571
0.976512	0.107985	0.186448
0.560168	0.811061	-0.168502
-0.068842	-0.565421	-0.821924
0.316246	0.933021	0.171642
-0.169459	0.871189	0.460775
-0.344331	-0.930776	-0.122852
0.857806	-0.106494	0.502819
-0.132269	-0.726837	-0.673953
-0.755055	0.233742	0.612582
-0.948830	-0.081545	0.305075
-0.370710	-0.028490	0.928312
0.643030	0.692830	-0.326341
0.681583	0.586589	-0.437445
0.564367	-0.361913	-0.741962
0.627224	0.418101	0.657101
-0.976304	0.171217	0.132346
-0.176307	0.984263	-0.011959
0.268204	0.124871	-0.955235
0.597134	-0.628185	0.498813
0.541279	0.424442	-0.725855
-0.168970	0.419814	0.891743
0.177863	-0.105905	-0.978340
0.771506	0.240128	-0.589166
-0.183167	0.980768	-0.067413
0.034789	-0.983088	0.179798
0.072254	-0.274709	-0.958809
-0.287883	-0.104113	-0.951989
-0.760330	-0.635776	0.132993
0.851009	0.053582	-0.522411
-0.974452	-0.213924	0.068408
-0.171158	0.688952	-0.704308
-0.022745	-0.965727	0.258560
-0.429912	-0.774135	0.464641
0.782022	-0.262965	-0.565059
-0.790327	0.508808	-0.341316
-0.006860	0.485940	0.873965
0.627530	-0.596604	-0.500270
0.711870	-0.660612	-0.238396
-0.435911	-0.547565	-0.714251
-0.000515	-0.599134	-0.800649
0.466874	-0.249424	-0.848420
-0.890753	0.014897	-0.454244
0.301091	0.347773	-0.887918
0.487439	-0.431497	0.759087
-0.760117	-0.473495	-0.444999
0.446903	-0.503879	-0.739177
0.143427	-0.036081	-0.989003
0.472982	0.475753	0.741584
0.279219	0.535205	0.797241
0.344469	0.856873	0.383549
0.981106	-0.150555	0.121506
-0.343934	0.931075	0.121688
-0.816974	-0.335972	-0.468696
-0.542237	-0.818411	-0.190216
0.197804	-0.098838	-0.975246
0.648133	0.632296	-0.424411
-0.876804	0.367406	0.310205
0.753458	-0.582394	-0.305153
-0.691376	0.054157	0.720463
-0.415218	-0.184580	0.890800
-0.649549	0.432990	0.624985
0.443183	-0.247957	0.861456
-0.669087	0.714676	-0.203863
0.080162	0.990424	0.112403
0.857653	0.076510	0.508506
-0.426273	0.419938	0.801213
0.092243	-0.994298	0.053502
0.608879	0.715829	-0.341839
0.763931	-0.644870	-0.023487
0.327543	-0.912669	0.244442
0.757375	-0.510436	0.407232
-0.113707	-0.971542	0.207793
-0.920248	0.005564	0.391297
-0.465013	-0.523847	0.713686
0.325265	-0.288892	-0.900413
-0.820193	0.344177	0.456974
0.738961	-0.615696	0.273596
-0.264250	-0.250392	-0.931384
-0.321633	-0.072070	0.944118
0.585693	-0.683935	-0.434968
0.512018	0.771162	-0.378347
-0.715325	-0.368094	-0.593984
0.278452	-0.063896	0.958323
0.641238	0.766284	-0.040278
-0.555139	-0.731734	-0.395457
-0.485082	0.715126	0.503280
-0.746487	0.046879	0.663747
0.816097	-0.577054	0.031533
0.590220	0.761842	-0.266903
0.390430	-0.049129	-0.919321
-0.205687	-0.381629	-0.901139
0.939928	-0.325877	-0.101683
0.769124	-0.316432	-0.555265
-0.520715	0.739234	-0.427070
0.282328	0.849626	0.445451
0.656689	-0.753545	-0.030484
-0.780597	-0.297200	-0.549856
0.281476	0.818320	-0.501122
0.963970	-0.116023	0.239374
-0.737342	-0.422949	-0.526726
0.691127	0.241525	0.681182
0.183717	0.982489	0.031057
-0.545645	-0.240358	-0.802807
-0.471855	-0.560411	0.680655
0.812537	-0.303555	0.497633
0.350489	0.929179	-0.117402
-0.500938	-0.840116	-0.208006
-0.267146	0.384660	-0.883555
0.934577	-0.128339	-0.331805
-0.822014	0.382917	0.421506
0.783878	0.322656	0.530498
0.507432	-0.826489	-0.243778
-0.457346	0.258757	0.850811
-0.299259	0.090905	0.949832
-0.510922	0.859600	0.006751
-0.499491	-0.866314	-0.002912
0.596336	0.800191	0.063855
0.960380	0.135301	0.243646
0.925495	-0.109996	-0.362436
0.332617	0.427649	0.840525
0.546065	0.573454	0.610707
0.679303	-0.649717	0.341196
0.955577	-0.279442	-0.093726
0.151421	0.114339	0.981834
0.990810	-0.113504	0.073564
-0.424222	-0.514811	0.744987
0.419067	-0.672367	-0.610168
0.225127	-0.752721	-0.618651
-0.794031	-0.533368	-0.291605
0.518961	-0.775682	0.359161
-0.093652	-0.984095	0.150950
-0.652970	0.216112	0.725897
0.426477	-0.769195	-0.475874
-0.118853	0.802240	0.585051
0.290502	-0.786204	0.545428
0.390403	-0.911237	0.131271
0.140434	0.156609	0.977626
-0.190134	0.037544	0.981040
-0.582883	0.341740	-0.737198
0.599270	0.728091	-0.332804
-0.759855	-0.649862	0.017303
-0.422333	-0.534890	0.731797
-0.593850	-0.310648	0.742186
-0.997276	-0.038976	-0.062620
0.200986	-0.561518	0.802685
-0.564104	-0.790753	0.237689
-0.809666	0.463534	0.359969
0.239446	0.818025	0.522972
0.368239	-0.899516	0.235099
-0.502603	-0.464836	0.728915
0.479870	0.118887	-0.869247
0.126623	-0.715888	-0.686637
-0.536587	-0.474926	-0.697510
0.338316	-0.623733	0.704627
0.609906	-0.395436	0.686765
0.488178	0.304351	-0.817957
-0.445570	0.834357	-0.324526
-0.685131	0.617998	0.385583
0.178001	-0.561350	-0.808209
-0.367915	0.476160	-0.798693
-0.861407	0.267500	0.431766
-0.798878	-0.449720	0.399431
-0.961989	0.207638	0.177382
0.002408	-0.975001	0.222189
0.798033	-0.555532	-0.233514
0.259542	-0.046329	0.964620
0.676606	0.732888	-0.071269
-0.599808	0.107291	0.792918
-0.341762	0.822583	0.454484
-0.402318	0.642216	0.652456
-0.318716	0.646363	0.693278
-0.649267	0.568573	-0.505151
-0.691009	0.012964	-0.722729
-0.309943	-0.746706	0.588528
-0.232432	0.315689	0.919954
0.515949	-0.830917	0.208263
-0.408237	0.738349	0.536827
0.982722	0.175499	0.058801
0.542074	-0.048313	0.838941
0.426828	-0.419518	0.801138
0.986547	0.125507	0.104751
0.808480	0.525824	0.264329
-0.573135	0.059428	-0.817303
0.495900	-0.323501	-0.805873
-0.010501	-0.008501	-0.999909
0.564021	-0.789839	-0.240903
0.584369	0.791656	0.178311
-0.796788	-0.469600	-0.380269
0.281822	-0.759155	0.586737
-0.257972	0.607289	-0.751432
0.804026	0.089439	0.587829
0.422537	0.591827	0.686442
0.434795	0.092445	-0.895772
0.837284	-0.421387	-0.348408
0.478919	-0.555561	0.679698
0.790386	0.195918	0.580437
-0.924630	0.238333	-0.297079
-0.731229	-0.042701	0.680795
0.387373	0.200100	-0.899945
0.191707	0.890878	0.411806
-0.205761	0.977843	-0.038547
0.699340	0.529528	0.480129
0.029540	0.867312	-0.496888
0.477786	0.281769	0.832061
-0.076434	0.824793	-0.560244
-0.075967	-0.021697	0.996874
-0.853019	0.148333	0.500356
0.072870	-0.975100	0.209454
0.211599	-0.216862	0.952993
0.210287	0.739830	0.639087
0.519884	-0.836326	-0.174008
-0.457188	-0.871468	0.177548
-0.657922	-0.025076	-0.752669
-0.483717	0.747448	0.455345
-0.537330	-0.793455	-0.285842
-0.316996	-0.418973	-0.850867
-0.059800	0.997875	-0.025869
0.351108	0.159126	0.922715
0.138410	0.266970	-0.953714
0.567141	0.367448	0.737111
-0.483476	0.872264	0.073533
0.166112	-0.943584	0.286453
0.910725	0.306868	-0.276426
0.153403	-0.008141	0.988130
0.700321	0.166588	-0.694117
-0.609383	-0.681413	-0.405375
0.158841	-0.978866	-0.128808
0.112106	-0.985861	-0.124543
0.222692	-0.551890	0.803633
0.906987	-0.400228	-0.131121
-0.264517	-0.563326	0.782748
0.756490	0.580797	-0.300661
0.773667	0.630330	-0.064214
-0.390939	-0.514420	-0.763243
-0.492268	-0.870117	0.023841
-0.344527	-0.936155	-0.070110
0.941374	0.336710	-0.020985
-0.892357	0.043853	0.449194
-0.222466	-0.147638	-0.963697
0.862125	-0.211607	0.460395
-0.959618	-0.258125	-0.111823
-0.271143	0.916185	0.295105
0.904571	-0.362893	-0.223740
0.541851	-0.776444	0.321765
0.915661	0.241907	0.321006
-0.881144	0.089781	0.464246
-0.125060	0.706459	-0.696618
0.045844	-0.980334	0.191947
-0.726919	0.306365	0.614597
-0.548152	0.198480	-0.812487
-0.410105	0.836162	0.364208
-0.969448	0.034349	0.242880
-0.519054	-0.042144	0.853702
-0.357166	0.005145	-0.934027
-0.175125	0.898548	0.402420
0.325638	0.357262	-0.875399
-0.753838	-0.650667	-0.091431
0.002917	0.595549	0.803314
0.265430	0.758663	0.594960
-0.114547	0.084107	0.989851
-0.824032	0.205753	-0.527860
-0.750362	-0.239509	-0.616110
-0.818938	0.392084	-0.419059
0.259901	-0.474909	0.840781
-0.266630	-0.601678	0.752923
-0.738937	-0.673319	0.024786
-0.183607	-0.403385	-0.896420
-0.622548	-0.619835	-0.477744
-0.040733	0.220675	0.974497
0.373301	-0.807031	-0.457546
0.491856	0.468979	-0.733578
-0.869454	-0.413933	-0.269647
0.980918	-0.194274	0.007548
-0.528555	-0.401363	-0.748022
0.214482	0.670495	-0.710236
0.738906	0.673518	0.019781
0.827669	-0.417191	-0.375388
0.999579	0.029018	-0.000766
0.179246	-0.916183	0.358441
0.533148	0.841424	0.088081
0.224790	-0.973525	-0.041461
-0.083820	-0.946248	0.312393
-0.630791	0.615722	0.472218
0.851545	0.061195	0.520697
-0.753551	-0.656671	0.030723
-0.828079	-0.432810	0.356316
-0.247973	-0.546806	0.799695
-0.134097	-0.275576	-0.951880
0.911208	-0.086404	-0.402782
0.933594	0.303443	-0.190591
-0.945107	0.318047	0.074959
0.687451	0.608251	0.396790
0.192047	-0.300539	-0.934235
-0.646211	-0.229105	0.727958
-0.196221	0.444688	-0.873928
-0.745562	0.421045	0.516583
0.611131	0.771996	0.174763
-0.576579	-0.049102	-0.815565
0.676719	-0.724676	0.129984
-0.162331	-0.430755	-0.887749
-0.211793	0.390497	0.895911
0.085820	-0.655729	0.750103
0.237459	0.652068	0.720014
-0.867487	0.173352	-0.466279
-0.279806	-0.460657	0.842320
0.792523	0.600635	-0.105571
0.328619	0.848844	0.414094
0.301516	0.715150	0.630594
0.154927	0.127901	0.979612
0.777700	0.520882	0.351945
0.231331	0.763821	0.602548
-0.414528	-0.821382	-0.391789
-0.848917	-0.449776	-0.277562
0.063101	0.532426	0.844121
-0.122913	-0.966577	-0.224993
-0.324291	0.443575	-0.835510
0.105887	-0.572845	0.812795
-0.740313	0.610951	-0.280493
0.727237	-0.665662	0.167394
0.350145	0.166817	0.921722
-0.933196	-0.198718	-0.299425
0.833147	-0.164847	-0.527913
-0.739567	-0.583613	0.335315
-0.019478	0.740639	-0.671620
-0.510810	0.743826	0.431040
-0.638111	0.244654	0.730040
-0.568446	-0.817097	0.096031
0.093701	-0.991421	-0.091132
0.629154	0.411822	-0.659218
0.810089	-0.154187	-0.565670
0.651755	-0.327768	-0.683948
-0.798606	-0.125745	0.588571
0.551936	0.635266	0.540188
-0.312954	0.125776	-0.941403
0.833644	-0.220427	-0.506409
0.159131	0.204760	0.965790
-0.883513	0.367248	-0.290746
0.622185	-0.173854	0.763322
-0.113016	-0.034980	0.992977
0.655574	-0.277308	0.702369
-0.879426	0.416745	-0.230074
-0.063960	-0.934012	0.351470
0.718235	0.678210	0.155465
0.185643	-0.899963	0.394465
-0.426526	-0.901908	0.068096
0.220507	-0.274676	0.935911
-0.905623	-0.407550	0.117259
-0.006754	0.453238	-0.891364
-0.215114	-0.772373	-0.597633
-0.803315	-0.150837	-0.576136
0.292230	0.894594	0.338088
0.326997	-0.367071	0.870822
-0.105690	0.893160	-0.437144
-0.612953	0.789059	-0.040926
-0.433610	0.398027	0.808429
0.038823	0.746147	-0.664649
-0.291107	-0.450965	-0.843734
0.540743	-0.732379	0.413785
0.561327	-0.140238	0.815626
-0.665048	0.654638	0.359388
-0.009734	-0.836361	0.548092
0.445487	0.857496	-0.257376
0.055876	0.646306	0.761029
0.623324	0.633863	-0.457913
0.198738	-0.649688	-0.733763
0.261181	-0.375831	-0.889121
0.013809	0.220265	0.975342
0.524501	-0.161843	0.835886
0.994549	0.035631	-0.097993
-0.519365	-0.820201	0.239853
-0.124205	0.934380	-0.333926
0.630131	-0.601924	-0.490532
0.910510	-0.358335	-0.206319
-0.822464	-0.545250	-0.162033
0.978720	-0.189994	0.077518
0.954194	-0.080419	-0.288178
0.349427	-0.561991	-0.749711
0.766310	-0.512170	-0.387879
-0.954253	0.200056	0.222215
-0.632735	-0.403753	-0.660780
0.626410	-0.412142	0.661626
0.550812	0.322730	-0.769709
-0.311371	-0.794126	-0.521931
0.852253	0.242174	0.463699
0.362063	-0.646031	0.671978
0.275610	0.919435	0.280498
0.660708	0.177251	-0.729415
-0.670197	0.741320	-0.035793
0.514709	-0.739011	-0.434669
-0.603173	-0.577344	0.550324
-0.540015	0.708544	-0.454257
-0.593117	0.459324	-0.661236
-0.429335	0.694998	0.576758
0.742070	-0.544765	0.390594
0.822594	-0.564652	-0.067136
0.934114	0.356393	0.020361
-0.197779	0.907396	-0.370831
0.602493	-0.237210	-0.762059
0.684434	0.651605	-0.327049
-0.437454	0.371556	0.818890
-0.647104	0.251289	0.719799
0.140152	-0.875566	0.462321
0.907277	-0.213316	-0.362415
-0.883166	0.305890	-0.355598
-0.005099	0.672121	-0.740423
0.562102	-0.823473	0.077030
-0.516709	-0.840010	0.165513
-0.565343	-0.821456	0.074816
0.472261	-0.751207	0.461148
0.834123	0.551322	0.016804
-0.277756	0.821733	0.497601
0.040012	-0.338119	0.940253
-0.497033	0.396390	-0.771903
0.705593	-0.655099	0.270157
-0.896761	0.338602	-0.284901
0.774004	-0.334543	-0.537586
-0.614604	-0.696743	-0.369881
-0.706301	0.700624	0.101316
0.819299	-0.356415	0.449129
-0.727399	0.631344	-0.268878
-0.425096	-0.695688	-0.579061
0.619804	0.516193	0.591091
-0.398363	-0.627562	-0.668934
-0.367260	-0.810499	0.456303
-0.613507	0.789665	0.006208
0.111777	0.177022	0.977839
0.783463	-0.078885	-0.616411
-0.655657	-0.749877	-0.088303
-0.898751	0.039890	0.436641
0.814522	-0.539852	0.212400
-0.162977	-0.420492	-0.892538
0.645827	-0.684585	0.338010
0.186440	-0.563545	-0.804772
-0.549783	0.048566	0.833894
-0.027701	0.367236	-0.929715
0.428222	0.803975	0.412613
0.821916	-0.254265	-0.509709
-0.668285	0.547661	-0.503451
0.864776	0.496181	0.077244
0.331757	-0.457272	0.825130
0.076745	0.816773	0.571833
0.340596	-0.889578	-0.304376
0.769324	-0.414624	-0.486032
-0.440258	-0.270563	0.856136
-0.126293	-0.810577	0.571852
-0.469816	0.714587	0.518303
0.361784	-0.890679	-0.275324
0.564685	-0.611991	0.553713
-0.125864	-0.489234	-0.863023
0.059662	-0.996938	-0.050545
0.124633	0.873773	-0.470093
0.917365	0.264795	0.297195
-0.752092	-0.572831	-0.325916
-0.033665	0.436483	0.899083
0.042767	-0.451306	-0.891344
0.084030	-0.989046	-0.121351
-0.537076	-0.479782	0.693801
-0.887860	-0.209167	-0.409821
-0.848218	-0.209230	0.486568
0.682258	0.289792	-0.671226
0.054266	-0.964477	0.258532
-0.111911	0.571637	-0.812839
0.721395	-0.475212	0.503748
0.021760	0.935477	-0.352717
-0.502643	-0.695789	-0.513057
0.809005	-0.275725	-0.519121
-0.922075	0.182045	-0.341522
-0.412831	0.534978	0.737136
0.092939	-0.961226	-0.259628
0.588948	-0.793649	0.152518
0.751938	0.077731	-0.654636
-0.168294	0.826085	-0.537830
0.323642	0.533500	-0.781431
0.992694	0.113656	0.040497
0.947498	-0.296300	0.120222
0.864611	0.286143	0.413002
-0.737960	-0.636362	-0.224628
-0.759635	-0.013496	0.650209
-0.898769	0.436912	-0.036365
0.117918	0.493518	0.861705
-0.655951	-0.181253	-0.732718
0.922476	-0.372160	-0.102644
-0.820154	0.435490	0.371073
-0.911221	-0.388930	-0.135685
0.876458	-0.044215	-0.479444
-0.349480	-0.437322	-0.828621
-0.893296	0.431907	-0.124415
0.617256	0.677820	-0.399443
0.678925	0.217498	0.701253
-0.025788	0.229792	0.972898
0.754716	0.654543	-0.044458
0.706354	0.687038	0.170419
-0.763414	-0.573816	0.296536
-0.762715	0.170818	0.623768
0.138060	0.941974	-0.305980
0.002794	-0.711847	-0.702329
0.313940	0.014854	-0.949327
0.591410	-0.618160	-0.517796
0.983242	-0.104153	-0.149621
-0.134598	-0.966496	-0.218562
0.061929	-0.554711	0.829735
-0.150730	0.323614	0.934106
-0.252468	-0.795178	0.551318
0.342062	-0.047117	-0.938495
-0.808082	0.168604	-0.564426
-0.437353	0.673532	0.595883
-0.387751	-0.804660	0.449634
0.603006	0.797532	-0.018079
0.682777	-0.604568	-0.410259
-0.443042	0.170703	-0.880099
0.870333	-0.330825	-0.364795
-0.231343	-0.549719	-0.802676
-0.702934	0.450763	-0.550180
0.420542	0.385081	0.821497
-0.478330	-0.694391	-0.537607
0.370963	-0.698568	-0.611873
-0.116510	0.496878	0.859964
0.502708	-0.108545	-0.857615
-0.283450	0.762226	-0.581952
-0.327821	0.793555	0.512644
-0.014867	0.903763	-0.427775
-0.918371	0.301501	-0.256306
0.107479	-0.404814	0.908060
0.371481	0.712041	-0.595818
-0.176504	-0.279644	0.943740
0.097953	0.471113	-0.876617
0.594767	0.796816	0.106476
-0.543031	0.446465	-0.711187
-0.297920	0.953625	0.042921
-0.609432	-0.678802	-0.409660
0.736763	-0.619990	-0.269801
0.694348	0.656491	0.294790
-0.512289	-0.747688	-0.422519
0.501143	0.171268	-0.848247
0.674472	-0.681509	0.283961
-0.441393	0.021099	-0.897066
0.943065	0.225572	0.244430
0.062260	0.993158	-0.098799
0.539501	0.081723	0.838010
-0.790333	-0.611268	-0.041530
-0.686270	-0.413331	0.598491
0.981847	-0.064694	-0.178300
-0.261621	0.827637	0.496559
0.066779	0.289029	0.954988
-0.308202	-0.504747	0.806376
0.428034	0.666903	-0.609940
0.123427	0.092625	0.988021
0.201386	0.742373	-0.639004
-0.492370	0.856567	-0.154481
0.547022	-0.695891	0.465300
-0.807829	0.046678	-0.587566
0.886101	0.462004	0.037120
0.512319	-0.386748	-0.766782
0.048350	-0.847326	0.528867
0.592547	0.308147	-0.744267
0.476805	-0.445274	-0.757884
0.826909	-0.110777	-0.551316
-0.672992	0.345786	0.653845
-0.677682	0.185320	0.711620
-0.959211	0.280134	-0.037935
0.632411	0.747846	-0.201949
-0.662806	0.698903	-0.268743
-0.892941	-0.355475	-0.276214
0.399379	0.521369	-0.754103
0.587316	-0.466034	-0.661719
-0.714161	-0.382301	0.586362
0.923432	0.097556	0.371155
0.292782	-0.269790	-0.917329
0.640142	-0.574774	-0.509758
0.071187	-0.757090	-0.649421
-0.717690	-0.044304	0.694952
-0.394351	-0.855015	0.336803
-0.937975	-0.337512	0.079305
-0.998358	0.043546	0.037205
-0.943370	0.024000	-0.330873
-0.611590	0.087525	0.786319
0.826374	0.412396	0.383453
-0.525631	0.305910	-0.793808
0.760835	-0.409936	0.503073
-0.343227	0.461841	0.817862
0.494429	-0.865618	-0.079028
0.445782	0.851457	0.276224
-0.370483	0.435201	-0.820574
0.026146	0.447997	0.893653
0.434263	0.776081	-0.457290
0.746707	0.625203	-0.227047
-0.897176	-0.135328	0.420430
-0.549098	0.192672	0.813246
-0.627419	-0.489060	-0.605942
-0.231047	0.592951	0.771380
-0.338996	0.741336	-0.579226
-0.024205	-0.990160	-0.137828
0.867168	0.152308	0.474153
-0.210819	0.279757	-0.936638
0.463269	-0.125267	-0.877320
0.139339	0.037487	-0.989535
0.106774	0.926067	0.361939
-0.243969	0.282880	0.927609
0.746628	0.626934	-0.222486
-0.746517	-0.580276	0.325566
-0.167839	0.500301	0.849429
0.195011	-0.771877	-0.605125
0.448874	-0.564677	0.692569
-0.808876	0.583164	-0.075101
0.601363	0.701364	0.382690
0.659723	0.534920	0.527851
-0.553844	0.831603	-0.041155
-0.145167	-0.494371	-0.857043
-0.439251	-0.895276	0.074433
0.385427	0.074509	-0.919725
0.374819	-0.002828	0.927094
-0.727026	-0.622647	-0.289385
0.870880	-0.028313	0.490680
0.327887	-0.580746	0.745133
-0.933067	0.337961	-0.123159
-0.517118	-0.658181	-0.547163
-0.227091	0.969275	0.094531
-0.549026	-0.775258	-0.312322
-0.426366	0.733421	-0.529439
0.507284	0.824862	0.249532
-0.279462	-0.914800	0.291618
-0.631238	-0.229794	0.740765
0.895063	0.364534	-0.256861
-0.376951	-0.873530	0.307983
0.403796	-0.313474	-0.859467
0.166418	-0.519096	0.838358
0.851110	-0.081022	-0.518698
-0.983703	0.144423	-0.107096
0.306540	0.042146	0.950924
-0.574472	-0.117018	0.810117
-0.657492	-0.569012	-0.493893
0.485366	-0.438970	-0.756125
0.373105	-0.857348	-0.354608
0.903005	0.387681	0.185164
-0.363353	0.673374	-0.643850
0.917108	0.374627	0.136265
0.716028	0.580302	-0.388011
0.212079	0.671670	-0.709846
0.760688	-0.180538	-0.623507
-0.087759	0.652761	0.752463
-0.171462	0.551250	0.816532
0.532365	0.841180	-0.094888
0.881245	0.300509	0.364830
0.689979	0.503161	-0.520344
-0.503313	-0.715490	0.484510
0.837318	-0.218069	0.501343
-0.142881	0.449369	-0.881846
-0.077866	0.911514	-0.403830
-0.744469	0.076688	0.663238
-0.971186	-0.233064	-0.049784
-0.052509	-0.079135	0.995480
-0.310238	0.146294	-0.939335
-0.078426	-0.003732	0.996913
-0.801702	0.597612	0.011566
0.525902	-0.833581	0.169028
0.327449	0.292237	0.898540
-0.420619	-0.088014	0.902958
-0.619876	0.503620	-0.601765
0.188133	-0.807522	-0.559030
0.401311	-0.270724	0.875019
0.348964	-0.935861	-0.048871
0.796205	-0.520172	0.308995
-0.521082	0.418942	0.743614
0.717258	0.687835	-0.111463
0.808009	0.377386	-0.452439
-0.003115	0.497147	0.867661
0.152888	0.987629	-0.034856
-0.005739	0.205087	0.978727
-0.112981	-0.991432	-0.065551
-0.559100	-0.724120	0.403804
0.048638	0.996662	0.065570
0.838563	-0.199384	0.507009
-0.405523	0.132130	-0.904485
-0.590519	0.514871	0.621446
-0.636403	-0.136248	-0.759228
-0.870744	-0.428273	0.241636
0.249735	0.430038	0.867582
0.151599	0.777893	0.609836
0.814628	-0.557468	-0.160035
-0.198563	0.069887	-0.977593
-0.983439	0.016584	-0.180480
-0.829588	-0.530031	0.175645
-0.685171	-0.271154	0.676029
0.255066	0.963002	-0.087001
-0.478730	-0.050536	-0.876507
-0.212337	0.051924	0.975816
-0.638589	0.140690	0.756578
-0.713305	-0.241110	-0.658074
-0.368996	-0.916094	0.156886
-0.171675	0.953334	-0.248358
0.152436	-0.030581	-0.987840
0.592977	0.142286	0.792548
-0.098310	0.977556	-0.186329
0.342282	0.804745	0.485004
0.139454	-0.628487	-0.765216
-0.901930	-0.287659	-0.322142
-0.881531	0.455841	-0.122933
0.235512	-0.149351	0.960327
0.473271	-0.795504	-0.378402
-0.637296	0.405573	0.655259
0.731281	0.654670	0.191406
-0.804388	0.431020	-0.408879
0.209168	-0.948648	0.237308
-0.943012	-0.276535	-0.185085
0.662154	0.412705	0.625481
0.835045	-0.072505	-0.545383
0.346033	0.842502	0.412857
-0.239064	0.968774	-0.065762
-0.069065	-0.908544	-0.412042
0.324540	0.767365	-0.553014
-0.768652	0.415812	0.486081
-0.067755	0.443330	-0.893794
0.268251	0.062087	0.961346
-0.838546	-0.540877	-0.065516
0.030635	0.864026	-0.502514
-0.423644	-0.530265	-0.734401
0.040660	0.999069	0.014447
-0.768202	-0.399642	-0.500152
-0.757267	-0.400315	0.516037
0.415253	-0.289977	-0.862252
-0.041835	0.820354	-0.570324
-0.282943	-0.930336	-0.233279
0.307759	-0.905276	0.292847
-0.618762	-0.077167	0.781779
-0.888173	0.439461	0.134250
-0.332800	-0.933904	0.130641
-0.865333	0.051713	0.498522
0.716475	-0.337776	-0.610387
-0.536320	0.843810	-0.018572
-0.460092	-0.811180	-0.360975
-0.881423	-0.357561	-0.308617
-0.029139	0.959370	-0.280643
0.462722	0.618266	-0.635323
0.729026	-0.655765	0.196198
-0.283592	0.787117	-0.547743
-0.932463	-0.341664	-0.117379
-0.619467	0.706406	-0.342420
-0.992855	0.115865	-0.028524
-0.985104	-0.118286	-0.124814
0.658942	0.367742	-0.656172
-0.292898	0.514075	0.806187
-0.175774	-0.917023	0.358012
-0.896035	0.109332	-0.430311
-0.327130	0.629621	-0.704673
0.898968	0.261470	-0.351413
-0.224234	-0.064957	-0.972368
-0.006114	-0.830998	0.556242
0.122471	-0.907441	0.401936
-0.080227	-0.033949	0.996198
-0.047108	-0.505507	-0.861535
0.166277	0.924676	-0.342530
-0.292261	0.802446	0.520254
-0.855892	-0.324284	-0.402851
0.395030	0.243625	-0.885776
0.116454	-0.962238	0.246042
-0.839228	0.475100	-0.264529
-0.592179	0.628982	0.503692
0.072281	0.760036	-0.645849
0.987872	-0.090275	-0.126331
-0.755464	-0.531668	0.382889
-0.932744	-0.218508	-0.286780
0.609209	-0.664023	0.433518
-0.352975	0.934085	-0.053785
0.948364	0.109068	0.297841
-0.663820	0.126201	-0.737167
0.563355	0.651865	-0.507645
-0.451969	-0.879446	0.149331
-0.209632	0.743424	0.635119
-0.291844	0.951005	-0.102057
-0.084897	0.900630	-0.426214
-0.548032	-0.160370	-0.820940
-0.334865	-0.857166	-0.391322
-0.707275	0.614341	0.349782
0.572084	-0.310666	0.759083
-0.207634	-0.949983	-0.233282
0.525470	0.546400	-0.652172
-0.027014	0.490473	0.871038
0.586695	0.766287	0.261903
0.753175	0.361865	0.549345
-0.967352	0.137311	0.213014
-0.706148	-0.344670	-0.618513
0.147936	-0.800021	0.581447
0.367756	0.884398	0.287394
-0.968072	0.240198	0.071708
0.371983	0.896258	0.241558
-0.747839	-0.436288	-0.500390
-0.042971	-0.109588	0.993048
-0.562216	-0.752991	0.341932
-0.057282	-0.900859	-0.430316
0.682000	-0.724915	-0.096821
-0.236961	0.968421	-0.077520
0.153030	0.965801	0.209309
-0.670842	0.662214	-0.333831
0.600045	0.746680	0.287078
0.244643	-0.732272	-0.635553
-0.493555	0.026488	-0.869311
0.598954	-0.799211	0.050162
-0.552025	0.558623	0.619039
-0.389804	0.741400	-0.546241
0.635384	-0.139790	-0.759438
0.503499	0.747217	-0.433768
0.976678	0.021860	0.213592
0.438857	0.883762	-0.162387
0.645288	-0.107332	-0.756362
-0.552711	0.706635	0.441789
-0.868165	0.128332	0.479395
-0.270729	-0.002688	0.962652
-0.902606	-0.028820	-0.429501
-0.165064	0.982425	-0.087151
0.907214	-0.245096	-0.341893
0.665667	-0.288993	-0.688020
0.879617	-0.209899	0.426869
-0.434344	0.417700	-0.798043
0.531488	-0.786975	0.313354
0.627676	0.044846	0.777182
0.332411	-0.711238	0.619390
0.267382	-0.092432	0.959147
0.115977	0.706506	0.698140
0.426808	0.492676	0.758357
0.970320	0.240843	-0.021781
-0.033409	0.827733	0.560126
-0.947252	-0.320450	0.005066
-0.073021	0.981892	-0.174802
-0.717449	0.388684	-0.578093
-0.055286	-0.983150	-0.174242
-0.463029	-0.732262	-0.499397
-0.471563	-0.835307	-0.282647
-0.058237	-0.594857	0.801719
0.937150	0.222847	-0.268495
0.405277	-0.910055	0.086900
0.394851	-0.660242	0.638884
-0.280897	0.221600	0.933804
-0.461418	0.859981	-0.218005
0.224921	-0.654385	0.721936
-0.282527	-0.626936	0.726037
0.000207	-0.975891	-0.218256
-0.385512	0.842680	-0.375861
-0.646390	-0.679278	0.347507
-0.450758	-0.786575	0.422040
0.741473	-0.457662	-0.490676
-0.660438	-0.268420	-0.701265
-0.817614	0.575407	-0.020359
0.122916	0.935030	-0.332581
0.813261	-0.540763	0.214898
-0.135959	-0.231242	-0.963350
-0.664561	-0.747221	0.004313
0.513090	-0.716339	0.472861
0.902329	-0.307930	-0.301631
-0.286706	0.889544	-0.355683
-0.973541	-0.056996	-0.221288
0.445483	-0.891540	0.081862
-0.076293	0.197454	0.977339
0.592823	-0.801676	-0.076662
-0.504354	0.157711	-0.848973
-0.081834	-0.815379	0.573114
-0.704896	-0.024574	-0.708885
-0.790194	0.608069	-0.076458
0.732183	-0.618238	0.285814
-0.978373	0.074257	-0.193058
0.537004	-0.236336	-0.809798
0.036628	-0.636257	-0.770607
-0.691739	-0.717754	-0.079545
0.317263	0.610063	0.726063
-0.878421	-0.437397	-0.192512
0.959464	-0.281474	-0.014212
0.146505	0.620721	0.770222
-0.681380	0.208740	-0.701534
0.927670	-0.003991	-0.373379
-0.279533	0.510106	-0.813421
-0.851296	0.515238	-0.099124
0.915797	0.384776	0.115163
0.587104	-0.577988	-0.566778
0.438395	0.659290	-0.610857
0.478638	0.181519	0.859044
0.785132	0.263272	-0.560585
0.464816	0.723495	-0.510393
-0.095787	0.994880	0.032240
0.077103	0.725598	0.683785
-0.500930	-0.098408	-0.859875
-0.073719	-0.086055	0.993559
0.131641	0.246020	0.960284
0.254471	-0.967017	0.011109
-0.053546	0.581081	-0.812083
0.955318	-0.294597	-0.024103
0.690712	-0.719110	-0.076147
0.001177	0.826761	0.562552
0.121290	0.464179	0.877397
0.987434	0.011630	0.157600
0.355788	-0.129382	0.925567
0.400148	-0.331323	-0.854463
0.857469	-0.018539	0.514201
-0.805432	0.536991	0.250840
0.496434	-0.866726	0.048361
-0.780511	-0.306498	-0.544850
0.523176	-0.847863	-0.086109
0.936182	0.114030	0.332506
0.401641	0.126148	0.907067
0.779353	-0.305347	-0.547149
0.746865	0.521835	-0.412165
-0.847575	0.432591	0.307378
-0.719514	0.430276	0.545126
0.491013	-0.464165	0.737196
0.117797	-0.502172	-0.856707
-0.800229	0.537205	-0.266540
-0.560290	0.824938	0.074513
-0.924664	-0.379197	-0.034735
0.215722	0.114309	-0.969741
0.821097	0.193409	-0.537022
0.775268	0.354169	0.522995
-0.115444	0.388919	-0.914010
-0.248876	0.892315	-0.376611
-0.187619	-0.945749	0.265252
0.350353	0.863748	-0.362205
-0.276231	0.606505	0.745552
0.108681	-0.016096	0.993946
0.866983	-0.085783	-0.490900
-0.484344	-0.683253	-0.546421
0.235869	0.894798	-0.379080
-0.160341	0.689295	0.706515
0.662432	0.698307	0.271204
0.857497	0.498154	-0.128615
0.267657	-0.889815	-0.369580
-0.134673	-0.886445	-0.442807
-0.136915	-0.687450	0.713209
