0.852785	0.321222	0.411794
0.004780	-0.872124	0.489262
-0.565798	-0.729632	-0.384069
-0.552664	0.062163	0.831083
0.642483	0.028095	-0.765785
-0.037925	0.990079	-0.135297
0.122516	-0.806003	-0.579093
0.391567	0.616433	0.683144
0.627644	0.190208	-0.754906
0.180978	0.979952	0.083312
-0.023630	-0.039892	0.998925
-0.939006	0.095948	-0.330246
-0.245813	0.582649	-0.774659
0.974784	-0.222180	-0.020775
-0.824472	0.354971	0.440728
0.341017	0.056438	0.938361
0.316176	0.946807	-0.059904
0.396115	0.760379	-0.514700
-0.961422	-0.089177	-0.260223
0.487991	-0.868729	-0.084702
-0.412765	-0.901721	0.128545
0.262475	0.779134	-0.569260
-0.210852	0.112011	0.971079
0.640360	0.659902	0.393026
-0.988371	0.152059	0.000017
0.156564	-0.852828	0.498169
-0.148816	-0.563084	0.812890
-0.534505	0.146111	0.832440
0.402979	0.819697	-0.407067
0.682139	-0.239781	0.690791
0.137091	-0.093641	-0.986122
0.261282	0.954617	-0.142960
-0.019170	-0.898154	0.439263
0.906590	-0.380450	0.182625
-0.499831	-0.857994	-0.118383
-0.803785	-0.575170	0.152017
-0.711945	0.566598	-0.414852
0.069428	-0.611264	-0.788376
-0.233966	-0.908946	0.345075
-0.090163	-0.995823	0.014415
-0.337276	-0.893800	0.295579
-0.709808	-0.550178	0.439859
0.500234	0.863502	0.064258
-0.118782	0.915362	-0.384712
-0.312766	-0.946577	-0.078546
-0.632040	0.303644	0.712970
0.475585	0.126399	0.870542
-0.272490	0.454888	0.847836
-0.817640	-0.573083	0.055134
0.824931	-0.515104	0.232716
-0.087401	0.213440	-0.973039
0.486867	0.754499	-0.440105
-0.717304	-0.696740	-0.005323
-0.071041	-0.796198	0.600852
-0.564257	0.305376	-0.767046
0.053648	-0.124689	0.990744
-0.456714	0.853336	0.251457
-0.064882	0.260906	-0.963181
-0.633506	-0.540071	0.554070
-0.174692	-0.954535	0.241549
-0.191553	0.614549	0.765269
-0.304647	-0.511342	-0.803567
0.093577	0.084753	-0.991998
0.776877	-0.328900	-0.536924
-0.129125	0.107078	-0.985830
-0.162542	-0.979280	-0.120791
0.295146	0.954945	-0.031141
-0.998895	0.005664	-0.046648
-0.995031	0.070458	0.070355
0.721723	-0.496225	-0.482573
0.149524	0.964860	0.216073
-0.195786	-0.847950	-0.492594
-0.570147	0.643190	0.511115
0.585972	0.184138	-0.789133
-0.173195	-0.767791	-0.616847
0.063079	-0.298438	0.952342
-0.474449	0.879385	-0.039741
-0.681989	-0.196531	0.704462
-0.930323	-0.260149	0.258501
0.805023	0.163121	0.570376
-0.589990	-0.458625	0.664511
0.068575	0.866237	0.494906
0.757970	-0.369250	-0.537714
0.738283	-0.056707	0.672103
-0.396824	0.912856	-0.096048
0.755775	0.284250	-0.589920
-0.801325	0.204201	0.562299
-0.525631	0.548377	0.650381
0.091725	-0.502227	0.859857
0.766901	-0.635123	-0.092102
-0.493776	-0.404024	-0.770033
-0.877036	0.324977	0.353833
0.843889	0.039851	-0.535036
0.719201	0.103296	-0.687081
-0.019884	-0.122766	-0.992236
0.406093	0.080839	0.910249
-0.087945	0.590871	-0.801958
0.911961	-0.381482	0.150994
-0.956846	0.276584	0.089146
-0.946330	0.244700	-0.211144
-0.519551	0.222587	-0.824937
0.918173	0.283436	0.276807
-0.509724	-0.263930	0.818854
0.974908	0.001448	-0.222603
0.412426	0.127685	-0.901999
-0.634814	-0.462673	-0.618825
-0.757299	-0.561273	0.333872
-0.474067	0.867323	0.151695
0.965325	0.068604	-0.251874
-0.728240	-0.226669	-0.646751
0.092591	0.082707	-0.992263
-0.262471	0.962999	0.061166
0.004721	-0.962205	0.272284
0.959629	0.241898	-0.143521
0.992403	-0.103502	-0.066508
-0.470676	-0.335974	-0.815834
0.035192	-0.850725	-0.524431
0.409214	0.818462	-0.403316
0.827984	0.547497	-0.121198
0.942344	-0.307788	-0.131354
-0.901347	-0.278541	0.331646
0.125795	0.834830	0.535943
-0.778861	-0.611075	-0.141290
-0.435135	-0.047179	0.899128
-0.511425	0.834029	0.206978
0.462264	0.217929	0.859546
0.236604	0.243878	0.940501
0.680131	-0.589116	0.436307
-0.565536	0.485894	0.666390
-0.544985	-0.827629	-0.134243
-0.982074	-0.133838	-0.132731
0.542913	-0.279939	0.791757
0.725362	-0.643299	0.244982
0.804076	0.291524	-0.518146
-0.761427	0.615923	0.202157
-0.965886	-0.162393	0.201725
0.761146	-0.220860	0.609818
-0.028470	-0.907657	-0.418746
0.036945	0.214744	0.975971
0.905360	-0.152128	0.396460
-0.108725	-0.173026	-0.978898
0.415020	-0.754499	0.508419
-0.206088	0.956991	0.204197
0.587847	0.493144	0.641284
0.659204	-0.339866	0.670777
0.999479	-0.031659	-0.006353
0.557929	-0.749733	0.355831
0.143588	-0.233110	-0.961791
-0.703764	0.100979	-0.703221
0.884807	-0.025729	-0.465246
0.100152	0.916896	0.386355
-0.656032	-0.615606	-0.436636
-0.900025	0.435818	0.004198
-0.774464	0.614185	0.151602
0.489030	-0.867519	0.090886
-0.352876	0.413948	-0.839122
-0.391667	0.726501	-0.564618
-0.357783	-0.067782	0.931341
-0.087849	0.693909	-0.714684
-0.626020	0.068487	-0.776794
0.827481	0.480027	-0.291288
0.514826	0.658561	0.548864
-0.070568	-0.975395	-0.208865
0.445834	-0.818592	-0.362132
-0.858793	-0.233276	-0.456132
-0.722237	-0.332537	0.606459
-0.491926	-0.708803	0.505576
0.597516	0.512421	0.616765
0.750092	-0.652797	-0.105918
-0.809928	0.161031	-0.563991
-0.670531	0.644502	0.367431
0.183217	0.042933	0.982135
0.017993	0.306764	-0.951616
-0.892055	-0.451214	0.025369
-0.806273	0.485367	0.338147
-0.902408	-0.400582	0.158727
-0.349824	-0.867246	-0.354271
-0.495253	-0.720300	0.485688
0.097566	-0.835831	0.540247
0.898707	0.010811	-0.438417
-0.614895	0.779475	0.119680
0.036528	0.093453	0.994953
-0.180900	-0.978511	0.098948
-0.864720	-0.501563	0.026361
0.377860	0.736365	-0.561238
-0.005860	-0.316545	-0.948559
-0.538172	-0.172458	-0.825003
0.862126	-0.443577	-0.244905
0.943682	0.053833	-0.326443
-0.278871	-0.679314	-0.678795
0.579220	0.219916	0.784946
0.223811	0.956868	-0.185238
0.504972	-0.495848	-0.706497
0.666046	0.696622	0.266647
-0.085839	0.289993	-0.953171
0.564976	-0.749476	-0.345092
-0.179114	0.956302	0.231093
0.000925	0.837828	0.545934
0.336772	-0.201723	0.919724
-0.770934	0.486094	-0.411550
0.206259	-0.976076	0.068795
-0.501827	-0.715083	0.486648
0.994292	0.057766	-0.089702
0.592013	0.414053	-0.691434
0.849078	0.111845	-0.516292
-0.109673	-0.457306	-0.882521
-0.469415	0.654796	-0.592361
0.526719	0.717851	-0.455255
0.153558	-0.915295	0.372364
0.855983	0.051717	0.514410
-0.172035	-0.398438	-0.900917
0.826222	-0.151412	0.542615
-0.172735	-0.585928	0.791739
0.880629	-0.375437	0.289032
0.902855	-0.428749	-0.032050
-0.065697	-0.829379	-0.554810
-0.725739	-0.404335	0.556611
-0.367759	-0.530039	-0.764076
0.950016	-0.106329	-0.293537
-0.311978	0.677422	0.666160
-0.364829	-0.033308	0.930479
0.531456	0.547855	0.646072
-0.136638	0.719861	0.680537
0.691840	-0.461870	-0.555007
-0.795983	-0.306399	0.522045
0.318733	0.429224	0.845090
-0.938917	-0.219619	0.264957
0.147043	-0.971640	-0.185188
-0.687362	0.667190	0.287037
-0.794355	0.127539	-0.593914
-0.375915	0.056040	0.924958
-0.682226	0.188375	-0.706458
-0.858345	0.408072	0.311001
-0.350644	-0.903770	-0.245455
-0.008715	-0.666866	-0.745127
-0.944491	-0.321764	0.066371
-0.677549	-0.283531	-0.678629
-0.351359	0.651869	0.672023
-0.702372	0.655833	-0.276688
0.860547	-0.326411	-0.391043
-0.160077	-0.858198	-0.487721
0.208374	-0.449967	-0.868395
-0.638922	-0.768447	0.035615
-0.658124	-0.369419	0.656051
0.050180	0.994637	-0.090445
0.889117	-0.219199	0.401774
0.633714	-0.769057	0.083413
0.667583	-0.360237	-0.651585
-0.769376	0.624429	-0.134717
-0.216997	0.428018	-0.877333
-0.989668	0.042210	-0.137025
0.611246	-0.573123	0.545809
0.885456	0.464356	-0.018460
-0.344367	0.379896	0.858540
-0.784912	-0.037413	-0.618476
-0.851110	-0.047971	0.522791
0.529116	-0.188036	-0.827453
-0.464449	0.694505	0.549500
-0.328841	0.825607	-0.458515
0.738635	0.672052	-0.052582
0.967366	-0.231446	-0.103128
-0.081943	0.871771	0.483011
0.991939	0.102733	0.074180
-0.054895	0.150658	-0.987061
-0.011776	-0.995120	-0.097964
0.659725	-0.504186	0.557279
0.842147	-0.493073	-0.218330
-0.229120	-0.072124	0.970722
-0.173413	0.656379	-0.734230
0.070173	0.739026	0.670012
0.994568	-0.055829	0.087847
0.387535	-0.602930	-0.697346
0.279581	0.826265	0.489000
0.688827	0.647590	-0.325797
0.316383	0.907307	0.276941
-0.191732	0.906970	-0.375025
-0.967709	-0.150213	-0.202422
-0.522630	0.753851	-0.398205
0.293538	-0.880088	0.373202
0.180246	0.617347	0.765764
-0.747362	0.474273	0.465311
-0.005788	-0.141104	-0.989978
0.982651	-0.158036	0.097066
0.546069	0.483675	-0.684008
-0.081854	-0.993852	0.074557
-0.866366	-0.434607	0.246021
0.600883	-0.036115	-0.798521
-0.497479	-0.139527	0.856181
-0.147557	-0.918142	-0.367752
-0.418329	0.904519	0.082746
-0.760317	0.569606	0.312198
0.689952	0.602564	0.401102
0.317223	-0.743223	-0.589057
0.169569	0.731525	-0.660392
0.038752	0.648049	-0.760612
-0.491926	0.815726	-0.304303
-0.664068	-0.148660	0.732744
-0.793990	-0.570707	-0.209463
-0.799030	0.571344	0.187395
0.238573	0.635152	-0.734619
-0.945797	0.239655	0.219167
-0.574702	-0.200913	-0.793317
-0.671650	-0.184054	0.717643
0.802843	0.175486	-0.569779
0.620129	-0.371975	0.690706
0.813471	0.146929	-0.562740
-0.813808	-0.204432	0.543989
0.778937	0.600877	0.179455
-0.995721	0.059727	0.070515
-0.456104	-0.889560	0.025538
-0.138440	0.602676	-0.785886
0.309689	0.827954	0.467530
-0.347760	0.621192	0.702271
0.376394	-0.588301	0.715702
0.947403	-0.314849	0.057419
0.626786	-0.514074	-0.585548
-0.816494	-0.503538	-0.282467
0.838061	-0.315107	-0.445378
-0.558789	0.700278	0.444257
-0.564635	-0.037946	-0.824468
0.493291	0.708781	-0.504276
0.009632	-0.908432	-0.417921
-0.898212	0.428295	-0.098886
0.000749	0.988801	0.149237
0.196431	0.951825	0.235464
-0.367518	-0.929039	-0.042634
0.331317	0.897718	-0.290399
0.642911	0.648061	-0.408267
0.077919	0.994724	0.066734
-0.794790	0.581861	0.172473
0.312528	-0.673689	0.669679
-0.608818	0.586313	-0.534396
-0.837283	0.546744	-0.005200
-0.555776	0.831265	-0.010562
0.010296	-0.102448	0.994685
0.130732	0.834608	-0.535106
-0.091708	0.341481	0.935404
-0.185562	-0.779880	0.597791
0.506799	0.626098	-0.592585
0.854327	-0.413717	-0.314583
0.650787	0.661875	-0.372018
0.519340	-0.592215	0.616090
0.495735	0.407219	0.767086
0.221322	-0.884852	-0.409944
-0.103650	0.991472	0.078993
-0.868932	-0.417015	-0.266565
0.953477	-0.084574	-0.289359
-0.666502	0.528453	-0.525845
0.702079	-0.595965	0.389757
0.908487	-0.353521	0.222879
0.854326	0.045448	0.517747
0.940359	0.249549	-0.231192
-0.356353	-0.566632	-0.742927
0.876423	-0.315325	-0.363942
-0.669362	0.407150	-0.621437
-0.300827	-0.374503	0.877069
0.274854	0.572205	0.772682
-0.824338	-0.526159	-0.208865
-0.756711	0.596892	-0.266661
-0.067046	-0.888533	0.453887
0.598046	-0.539150	0.593008
-0.666639	0.109670	0.737268
0.541330	-0.816690	0.199950
0.793572	-0.592067	0.140355
0.833054	0.078193	0.547638
0.304099	-0.371366	0.877275
-0.362644	-0.895606	0.257641
-0.572781	0.352217	-0.740179
0.169015	0.007023	-0.985589
0.980726	0.162067	-0.109135
-0.879762	-0.126153	0.458372
0.852139	0.297462	-0.430552
0.657727	-0.726833	0.197759
0.972472	0.045206	-0.228592
0.805470	-0.301517	-0.510201
-0.255681	-0.965893	-0.040962
-0.835484	0.543118	-0.083604
0.341090	-0.040023	-0.939178
-0.405265	-0.897489	-0.173996
-0.352828	0.538813	-0.764979
-0.622215	0.389834	-0.678880
0.294267	-0.946448	-0.132829
0.483012	0.702172	-0.523119
0.366719	0.537689	0.759215
0.235919	0.784985	0.572836
0.051100	-0.037712	0.997981
-0.582393	0.163170	0.796363
-0.990680	-0.055000	0.124614
-0.476467	-0.290054	0.829968
-0.639427	-0.761151	-0.108544
-0.792461	0.129329	0.596054
-0.094668	-0.241607	-0.965745
0.684802	0.311773	0.658668
0.364822	0.521136	0.771571
0.722141	0.549466	-0.420238
0.055200	0.910485	0.409841
0.141692	-0.949905	-0.278574
0.788957	0.412900	-0.455038
0.849865	0.114369	-0.514440
-0.681433	-0.137162	0.718913
0.902021	0.045746	-0.429262
-0.310422	-0.924734	-0.220238
0.211638	0.969392	-0.124452
-0.043491	-0.887858	-0.458058
-0.326681	-0.342658	0.880832
-0.176658	0.730779	-0.659359
0.619460	0.501177	0.604227
-0.630455	-0.474406	-0.614382
-0.498731	0.608780	-0.616973
-0.723640	-0.494948	-0.481012
0.284204	0.506739	0.813906
-0.728244	0.331982	0.599541
0.303528	0.870899	-0.386529
-0.654762	-0.098302	-0.749416
0.521024	-0.679588	0.516425
-0.123501	-0.443026	-0.887961
0.078582	0.123039	0.989286
-0.904665	0.426118	0.002110
-0.329055	0.513377	-0.792570
-0.264084	0.730700	0.629553
-0.278189	0.001765	-0.960525
0.019002	-0.979313	0.201459
0.977592	-0.181780	-0.106157
-0.374964	0.193377	-0.906646
0.896674	-0.334639	0.289816
0.039105	0.614196	0.788184
0.574554	-0.669856	-0.470299
0.112268	0.839790	0.531177
-0.305412	-0.797577	-0.520188
-0.618476	-0.747976	0.240874
-0.912597	0.328262	0.243742
-0.518629	0.704993	-0.483744
0.428809	0.667053	0.609231
-0.235551	-0.056626	0.970211
0.134336	-0.898081	0.418813
0.505927	-0.712357	0.486400
-0.257625	0.965792	-0.029572
0.421875	0.338506	-0.841092
-0.654725	-0.510394	-0.557523
-0.669521	0.359978	-0.649737
-0.046879	-0.008599	-0.998864
0.695841	-0.308842	0.648399
0.068868	0.424667	-0.902726
-0.698937	0.613084	0.368259
-0.715894	0.368132	-0.593275
-0.562178	0.753560	-0.340739
0.154169	-0.848895	-0.505578
-0.865706	-0.189801	0.463173
0.836983	0.033044	-0.546231
-0.323753	-0.736705	-0.593674
0.719428	0.471649	0.509873
-0.662645	-0.012396	-0.748831
-0.894848	0.422730	-0.143336
-0.252055	0.967253	0.029845
-0.134395	0.028259	-0.990525
-0.050249	0.289331	0.955909
0.049375	0.983437	-0.174397
0.854624	-0.103204	-0.508887
-0.973529	0.114232	-0.197972
0.603155	-0.794367	-0.072006
-0.513464	-0.332076	0.791253
-0.598985	-0.771460	-0.214631
-0.950243	-0.129819	0.283171
-0.522898	-0.515822	0.678605
-0.292653	-0.462523	0.836915
-0.218011	-0.752065	-0.621989
0.621261	0.681939	-0.385997
0.468151	-0.481208	-0.741130
-0.381199	0.242378	0.892155
0.246958	0.886229	0.391932
-0.198070	0.226864	0.953573
-0.495253	0.850710	-0.176118
0.800624	0.598571	-0.026718
-0.705511	0.172840	-0.687299
0.450196	0.474669	-0.756316
-0.028435	0.545239	0.837798
-0.323615	0.408061	-0.853674
-0.651210	0.374286	-0.660179
-0.360542	-0.149594	-0.920669
-0.604472	0.627582	-0.490667
-0.003260	-0.612090	-0.790781
-0.708711	-0.702405	0.066000
0.743132	0.632521	0.218337
0.534418	-0.810969	0.238173
0.040337	-0.579617	-0.813890
0.522388	-0.603905	0.602005
-0.280183	0.139659	0.949733
-0.365572	0.274320	0.889441
0.217989	-0.882099	0.417591
0.883117	-0.404016	-0.238485
-0.566570	0.819186	0.089063
-0.281243	0.488489	-0.826003
-0.386096	0.752795	0.533132
0.364290	-0.616709	0.697827
-0.510522	-0.833351	0.211884
-0.531048	0.251769	0.809073
0.645579	0.326672	0.690299
0.024090	0.136030	0.990412
0.088100	0.803189	-0.589174
0.772437	-0.555991	0.306946
0.737441	-0.226665	0.636242
0.542093	-0.343252	-0.767016
-0.300096	0.851439	0.430110
0.821388	0.255745	0.509819
-0.905255	0.410845	-0.108260
0.719400	0.428584	0.546608
0.132780	-0.002396	-0.991143
0.659478	0.669422	-0.342000
-0.362646	-0.905747	-0.219343
0.523784	0.849475	-0.063577
-0.668583	0.593003	-0.448713
0.213738	-0.378550	-0.900564
0.479365	-0.368220	0.796632
-0.626535	0.698471	-0.345822
-0.334130	0.787690	0.517592
0.032827	0.939011	0.342318
-0.510398	0.113346	-0.852436
-0.381238	0.913736	0.140515
-0.152980	0.752498	0.640581
0.681608	-0.421420	0.598177
-0.614850	0.548023	0.567125
-0.684310	0.704754	0.187193
0.801453	0.075393	0.593287
-0.987948	0.072205	0.136910
-0.319761	0.497125	0.806610
0.412824	-0.245769	0.877026
0.622209	0.438161	-0.648746
0.130348	0.493827	0.859735
-0.758571	0.213315	-0.615684
0.841157	0.391727	-0.372834
-0.404321	-0.630703	-0.662374
-0.814189	0.292202	0.501711
-0.426788	0.893114	0.142127
-0.750853	-0.645235	-0.141037
-0.991987	-0.051520	-0.115361
0.661235	-0.626533	-0.412583
-0.816439	-0.198327	-0.542304
0.139810	-0.965551	-0.219463
-0.077482	-0.605782	-0.791849
0.577902	-0.494436	0.649279
-0.331019	-0.870896	-0.363273
0.864360	-0.391922	0.315084
-0.754819	0.061980	0.652998
0.032613	0.880528	-0.472871
-0.012333	-0.990601	-0.136227
-0.166698	0.545102	-0.821630
0.592316	0.765535	-0.251235
-0.630257	0.539232	0.558574
0.038432	0.951100	0.306482
-0.589122	-0.757278	-0.281894
-0.673036	-0.627682	0.391201
0.264870	0.838818	-0.475634
-0.124930	-0.034122	0.991579
0.891778	-0.226209	-0.391869
0.344873	-0.744664	-0.571435
-0.805937	0.520456	0.282120
0.254805	0.941979	-0.218516
0.560543	-0.827892	0.019650
-0.625695	-0.388762	-0.676292
0.118877	0.246477	-0.961830
-0.408836	-0.168946	0.896834
0.907037	0.285926	-0.309080
-0.819291	0.392858	0.417642
0.272525	-0.496898	-0.823907
0.733445	0.443667	-0.514993
0.579546	-0.779666	-0.237166
0.852439	0.519059	-0.062650
-0.007530	0.232135	0.972654
0.416637	-0.903568	0.099894
-0.263127	-0.047069	0.963612
0.504022	0.728182	0.464450
-0.945390	0.178222	0.272901
0.255808	-0.883939	0.391425
0.090841	0.877735	-0.470456
-0.391983	0.570921	0.721387
-0.220798	-0.957202	-0.187114
0.967010	0.027524	0.253246
0.970822	0.217173	-0.101691
0.577215	0.816263	-0.023191
0.760980	0.378278	0.527082
0.630572	-0.467667	-0.619408
0.300047	0.933889	-0.194483
0.050243	-0.203559	-0.977773
0.987323	0.089859	0.130841
0.866024	-0.049936	-0.497502
-0.376933	0.561268	0.736817
0.971015	0.164969	0.172962
0.697298	-0.428079	0.574913
-0.820144	-0.481448	0.309148
-0.166500	0.101628	-0.980790
0.162307	0.852668	0.496602
0.014249	0.725397	-0.688183
-0.541866	-0.412024	-0.732542
0.257793	0.012512	0.966119
0.545050	-0.660028	0.516994
0.410705	-0.779671	-0.472688
-0.773117	0.547477	0.320247
-0.803381	0.150035	-0.576253
0.071241	0.972101	-0.223482
-0.468026	-0.830966	0.300746
0.561261	-0.811511	-0.162590
-0.539635	-0.821369	-0.184788
-0.007081	0.996777	-0.079903
0.666846	0.725168	0.171604
0.170808	-0.602631	-0.779526
-0.966662	0.123793	-0.224141
0.450330	-0.069309	-0.890168
-0.927468	-0.262929	0.265842
0.632357	-0.622646	0.460908
0.758332	-0.622450	0.193619
-0.708068	-0.695512	0.122075
0.209097	-0.355474	0.910998
0.840076	-0.459088	-0.288982
0.993630	-0.009024	-0.112330
0.476283	0.130960	-0.869485
-0.375447	0.926801	0.008920
0.162889	-0.114991	-0.979921
-0.973238	0.215551	0.079663
-0.101986	0.959709	-0.261834
0.257733	0.672696	0.693581
0.344650	-0.096624	-0.933745
-0.381624	0.744183	0.548229
0.350401	0.833976	0.426266
0.241964	-0.916273	0.319212
0.089791	-0.277949	0.956390
0.526556	-0.846337	0.080335
-0.490920	0.779080	0.389913
0.927350	0.298191	0.226064
-0.633847	-0.718873	0.285410
-0.758766	0.651159	0.016298
-0.475938	-0.587017	0.654900
-0.172056	0.920728	0.350223
0.264056	-0.960792	0.084574
0.038786	0.602738	-0.796996
0.046262	0.714180	-0.698432
0.353027	-0.556898	-0.751822
0.377994	-0.922096	-0.082822
-0.217252	-0.803616	-0.554079
-0.294260	0.193502	0.935932
-0.207113	-0.188520	-0.959982
0.903423	0.428414	-0.016994
-0.254642	-0.895308	-0.365487
-0.952266	0.299633	-0.058396
-0.236083	0.947217	-0.216897
0.278417	-0.756236	0.592108
-0.568728	-0.744588	-0.349482
0.303290	0.583527	0.753333
-0.026894	-0.454152	-0.890518
0.564743	-0.627684	0.535796
0.395665	-0.877460	-0.271133
0.972029	-0.061523	0.226659
0.150419	0.985950	-0.072642
0.950298	0.163066	-0.265224
-0.689256	0.338359	-0.640655
0.826336	0.557694	0.078399
0.380664	-0.368132	0.848277
-0.064283	-0.797231	-0.600242
-0.087752	0.272140	0.958248
-0.371098	0.414760	0.830819
-0.863614	-0.079713	0.497811
0.794217	0.528472	-0.299894
-0.379236	-0.918193	0.114468
0.898692	-0.093150	0.428574
0.313429	-0.944829	-0.095189
0.351763	0.313173	0.882148
-0.023533	0.416518	-0.908823
0.438678	0.803307	0.402814
0.988287	0.131710	0.077081
-0.507697	0.400075	-0.763010
0.902581	-0.403558	0.149958
-0.328668	0.209333	-0.920954
0.441409	-0.296834	0.846787
0.290514	0.612985	-0.734746
0.637897	0.570167	-0.517684
-0.579890	0.588020	0.563879
0.880238	0.404712	0.247769
-0.847922	-0.466666	0.251498
0.445341	-0.497781	0.744235
-0.529964	0.752866	-0.390295
0.162519	0.957051	0.240085
0.800981	0.273045	0.532801
-0.209410	0.026485	0.977469
0.519416	-0.753484	0.403075
-0.794527	0.509638	0.330146
-0.822792	0.153872	-0.547117
-0.042234	-0.226121	0.973183
0.990411	-0.078664	0.113569
0.059299	0.930409	-0.361695
-0.313072	-0.876180	-0.366463
-0.121600	0.990393	0.065848
0.908252	-0.034088	0.417032
-0.296071	-0.067326	0.952790
0.916136	-0.315248	0.247615
0.292433	0.356803	0.887228
0.289247	0.112511	0.950619
-0.649373	-0.759794	0.032056
-0.251084	-0.960230	0.122126
-0.252062	0.804605	0.537657
0.666256	-0.740115	-0.091284
0.860736	0.158034	-0.483900
0.366970	0.781324	0.504842
0.066567	0.274334	-0.959328
-0.285373	-0.751190	-0.595210
-0.837851	0.363392	0.407373
-0.240041	-0.959925	0.144651
-0.501917	-0.226128	0.834833
0.835919	-0.291298	0.465173
-0.582789	0.811379	-0.044958
-0.065107	0.790579	0.608889
0.866540	0.121848	0.484006
0.905990	0.327477	0.268218
0.332516	0.112872	0.936319
0.217881	0.335364	-0.916547
0.263033	-0.810375	0.523551
0.010856	-0.141298	-0.989908
-0.531171	-0.846128	0.043861
-0.142515	-0.639470	0.755492
0.634861	-0.746543	-0.199061
0.142774	0.240924	0.959985
0.229178	0.936946	-0.263836
0.974666	0.052070	0.217521
0.777026	-0.155486	-0.609962
0.613331	-0.558248	0.558734
-0.800204	-0.074825	0.595042
-0.071989	0.850780	0.520567
0.859431	-0.096479	-0.502066
-0.857555	0.500285	-0.119642
0.928134	0.209815	0.307480
-0.567828	0.146525	-0.810001
-0.992595	0.082747	0.088924
-0.504232	0.672623	0.541598
-0.950859	0.279486	-0.133247
-0.929159	0.035331	0.367989
-0.481263	-0.130211	0.866851
-0.368974	0.608333	-0.702702
0.825023	0.309461	0.472832
-0.885316	-0.434083	0.166698
-0.998141	0.060071	0.010337
-0.521245	-0.822164	-0.228800
-0.808991	0.048368	0.585828
-0.575698	-0.680964	0.452614
0.766966	0.624419	-0.147867
0.271245	0.767809	0.580426
0.452878	0.685333	-0.570281
0.979267	-0.202537	-0.003803
0.237409	-0.153098	0.959270
-0.338699	-0.769109	0.541990
0.456796	-0.671369	0.583611
-0.105913	0.546302	-0.830865
-0.531033	-0.076479	0.843893
-0.156240	-0.874882	-0.458444
-0.212600	-0.959096	0.186913
-0.463709	0.744075	-0.480963
-0.150825	-0.660923	-0.735141
-0.312706	-0.100710	0.944496
-0.882047	-0.331785	-0.334533
0.055437	-0.247268	-0.967360
-0.855598	-0.318422	-0.408116
-0.688365	-0.723984	0.044730
0.169497	0.625726	0.761405
0.502452	0.356348	0.787755
0.551768	-0.735611	-0.392973
0.328422	-0.277820	-0.902749
0.423085	-0.141653	0.894949
0.844569	0.535205	0.016100
-0.440576	0.336527	0.832252
-0.548361	0.514404	-0.659309
0.067174	-0.996323	-0.053177
-0.442697	-0.705951	0.552858
-0.283441	-0.112900	-0.952321
-0.587355	0.566207	0.578294
0.656685	-0.723917	-0.211446
0.329654	0.915569	-0.230353
0.807449	-0.588520	0.040874
0.383013	-0.233485	-0.893748
0.726858	-0.218505	-0.651102
0.734442	0.635606	-0.237907
0.127598	-0.877896	-0.461538
-0.623361	0.698011	-0.352422
0.669111	0.397597	-0.627860
0.421895	0.644504	0.637668
-0.337462	0.470624	-0.815250
0.216156	-0.338980	0.915625
-0.761237	-0.647874	-0.027894
-0.910496	-0.405763	-0.079707
0.236880	-0.833684	-0.498858
-0.533942	-0.843540	0.057845
-0.893568	0.300679	-0.333360
-0.693444	-0.707147	0.138126
-0.900250	0.293607	0.321474
-0.143660	-0.521328	-0.841177
0.928024	0.109404	0.356094
-0.198187	-0.972665	-0.121016
0.480739	0.741318	-0.468334
0.757915	-0.651937	0.023312
0.175540	0.601741	-0.779162
-0.740865	-0.271417	0.614372
-0.231723	-0.194405	-0.953159
0.182040	0.565930	-0.804105
-0.694486	0.527445	-0.489378
-0.389990	-0.870396	0.300530
0.907908	-0.225302	-0.353471
0.822552	0.306584	-0.478972
-0.821427	-0.123920	0.556688
-0.447570	0.856076	0.258485
0.452193	-0.646094	0.614886
0.828786	0.336025	0.447438
0.283284	-0.617356	0.733909
-0.956830	-0.285941	0.052089
0.966836	0.153343	-0.204242
0.722950	-0.679502	0.124981
0.614675	0.663027	-0.427281
-0.258280	-0.301230	0.917906
0.988794	0.130920	0.071732
0.917102	-0.370611	0.146873
0.622997	0.507808	-0.594984
-0.127418	-0.704198	0.698477
0.535919	0.559402	-0.632345
-0.802865	0.422345	-0.420752
0.031316	-0.956586	-0.289764
-0.220145	-0.973603	-0.060282
0.251510	-0.836937	-0.486085
-0.260359	0.301230	0.917319
0.888063	0.191013	-0.418161
-0.660422	-0.522602	-0.539194
-0.574100	-0.401516	0.713579
0.168527	-0.014584	0.985589
-0.987626	-0.111381	0.110404
0.352617	0.856544	0.376821
0.145921	0.119079	0.982103
-0.504531	-0.201732	0.839496
0.811052	0.433682	0.392575
0.278884	0.935051	0.218866
0.698995	0.694037	-0.172392
-0.214399	-0.956959	0.195607
-0.965375	0.224087	0.133555
0.947434	0.276681	-0.160674
0.269907	0.898256	-0.346824
-0.238948	-0.301465	-0.923051
-0.949023	-0.046234	-0.311797
0.446526	0.684989	0.575678
0.822697	-0.404202	0.399737
0.790631	0.605469	0.091156
0.373474	0.787262	0.490648
0.244695	-0.511538	-0.823683
-0.674489	-0.361920	0.643489
-0.405754	-0.852666	0.329127
0.371427	-0.069876	-0.925829
0.597690	-0.634372	0.490244
0.307215	0.198169	0.930778
0.749586	0.307550	0.586118
0.156374	-0.891176	0.425855
0.839181	-0.303065	0.451583
-0.053644	0.987983	0.144954
0.397631	-0.601170	-0.693170
-0.019700	0.178077	0.983819
-0.507679	0.303686	-0.806249
0.332887	-0.734038	-0.591925
0.653616	-0.749208	0.107115
0.141413	-0.688007	0.711793
-0.293895	-0.309100	0.904479
0.440804	-0.820357	0.364290
-0.284054	-0.069350	0.956297
0.169736	0.828086	-0.534287
-0.701787	0.706886	-0.088362
0.842488	-0.393321	0.368119
-0.001813	-0.689972	0.723834
-0.626515	-0.758739	0.178310
-0.671432	0.692454	-0.263982
-0.965863	0.063343	0.251189
0.449916	0.397553	0.799705
0.096127	0.172521	0.980304
-0.869504	0.490035	-0.061881
-0.865089	-0.322979	0.383804
-0.140450	0.742977	0.654415
-0.756214	0.652858	0.043780
0.057484	0.781488	0.621267
0.634206	0.580304	-0.510912
0.605140	0.133082	-0.784917
0.273792	-0.865693	-0.419063
0.129760	-0.452905	-0.882065
-0.580915	0.291439	-0.760001
0.114524	0.368769	0.922439
0.798213	0.067194	0.598615
0.017422	-0.976743	-0.213705
-0.112066	-0.778690	-0.617319
-0.924639	0.051513	0.377345
-0.564125	0.640982	-0.520486
-0.884665	-0.353208	-0.304323
0.119880	-0.967921	-0.220811
0.225580	-0.628080	0.744735
0.075995	0.136548	-0.987714
0.445005	0.868677	-0.217647
-0.987039	0.135672	0.085715
-0.622974	0.080102	-0.778130
0.157072	-0.378213	-0.912295
0.721560	-0.102947	-0.684655
0.041694	0.849790	0.525470
0.331676	-0.008480	-0.943355
0.403239	-0.439955	0.802395
0.938454	0.334899	-0.084538
-0.738139	-0.619658	0.266787
-0.262316	0.505854	0.821767
-0.748430	0.040932	0.661950
-0.897922	-0.284981	-0.335443
-0.186713	-0.640935	-0.744541
0.262525	0.595694	0.759097
0.831410	-0.261179	-0.490452
0.180628	0.599589	-0.779658
0.482528	-0.651717	0.585176
0.107928	0.109634	-0.988095
-0.753865	-0.407204	0.515628
0.438457	-0.330073	-0.835947
-0.606013	0.194798	-0.771234
0.859400	-0.470805	-0.199434
0.405363	-0.805775	-0.431749
-0.940534	-0.239335	0.241068
0.300940	0.341380	0.890446
-0.445681	-0.895172	-0.005963
0.920949	0.314045	-0.230716
-0.919681	-0.240919	0.310073
0.988106	-0.146381	-0.047108
0.052525	0.410239	-0.910464
-0.885953	0.457079	-0.078517
-0.660446	0.502533	-0.557917
-0.249167	-0.231488	-0.940388
-0.656309	-0.752758	-0.051128
-0.318857	-0.776024	0.544166
-0.079355	0.964095	0.253423
-0.711845	0.689727	-0.132490
-0.273588	-0.113716	0.955101
0.203971	-0.447021	-0.870958
0.322385	0.863932	0.386896
0.335332	-0.931188	-0.142973
-0.978248	0.071299	-0.194801
0.941832	0.188903	-0.277971
-0.237500	-0.726770	0.644515
-0.489554	-0.618374	-0.614778
-0.876425	0.453189	-0.162783
0.174030	-0.723085	0.668477
0.287171	-0.695484	0.658661
-0.977236	-0.009449	0.211946
-0.810204	-0.581993	0.069665
-0.153138	-0.506170	0.848729
0.119868	0.827336	0.548769
0.981918	0.023967	0.187785
-0.768580	0.507715	0.389243
-0.811108	-0.257222	0.525300
-0.492554	-0.870011	-0.021701
0.748462	-0.620851	0.233129
0.967919	0.158802	0.194717
-0.639670	-0.510208	0.574900
-0.388711	-0.788568	-0.476512
-0.443398	0.070852	-0.893520
-0.890562	0.079152	-0.447923
0.546251	-0.659850	0.515953
-0.495705	-0.824984	-0.271437
0.226371	-0.427563	-0.875183
-0.731519	0.432615	-0.526995
-0.785036	0.258214	0.563067
-0.638820	-0.721239	-0.267811
0.484086	0.874770	0.020928
-0.823571	0.287886	0.488724
0.625727	0.711670	-0.319362
0.018630	0.716913	-0.696913
0.406437	-0.867503	0.286787
0.710454	-0.697046	0.096860
-0.971322	-0.233931	-0.042541
0.264071	0.866188	-0.424247
0.358077	-0.910038	-0.208834
-0.492852	0.490056	-0.718987
-0.794932	-0.354369	0.492449
-0.402892	-0.159046	-0.901323
-0.112979	0.475992	-0.872162
0.667103	-0.743348	0.049068
0.150012	0.954044	-0.259414
0.696396	-0.078436	-0.713359
-0.346527	-0.646960	-0.679236
0.757260	0.488875	-0.433080
0.998577	-0.044581	-0.029271
0.607001	0.023819	-0.794344
0.438404	0.435027	-0.786482
-0.204733	-0.958770	-0.197089
-0.517172	-0.409085	0.751786
-0.631999	0.763352	-0.133686
0.777247	-0.200667	0.596339
0.330011	0.773182	-0.541556
0.742148	-0.411617	0.528949
0.698438	0.713663	0.053570
0.093498	0.445927	-0.890172
0.503427	0.521356	-0.689021
-0.405121	-0.539376	0.738208
0.845365	-0.420677	0.329223
-0.621180	0.081379	0.779431
-0.873381	0.417340	-0.251065
0.036336	0.925179	0.377788
0.487785	-0.660708	-0.570553
0.078330	-0.970565	-0.227747
0.097982	-0.979196	-0.177694
0.853649	0.354283	-0.381793
0.061244	0.994111	0.089405
0.238491	0.970227	-0.042215
0.146638	-0.577984	-0.802765
-0.455954	0.755157	0.471003
0.052027	-0.397806	-0.915993
-0.210367	-0.796071	0.567465
-0.441112	-0.737817	-0.510927
0.739914	-0.430302	0.517076
-0.219285	0.766277	0.603932
0.180918	-0.691791	-0.699066
-0.882571	0.241281	0.403548
-0.260370	0.599781	0.756618
-0.528765	0.614855	0.585116
0.576474	-0.747055	-0.331038
-0.769961	-0.047594	0.636313
-0.315053	0.765885	0.560501
0.775775	0.478020	-0.411912
0.376424	-0.599349	0.706460
-0.105952	-0.618981	0.778227
0.097910	-0.417985	0.903162
-0.688565	-0.074705	-0.721317
0.848052	-0.528047	0.044421
-0.960963	0.261184	-0.091285
-0.759855	0.615524	0.209166
0.752579	-0.464884	-0.466378
0.990359	-0.138157	0.010084
-0.984009	-0.152006	-0.092846
0.262467	-0.939748	0.219055
0.162009	-0.910637	-0.380123
0.998378	-0.036067	-0.044052
0.848544	0.500182	-0.172599
0.424975	0.121988	-0.896948
-0.326638	0.925849	0.190028
0.354275	0.328524	0.875535
-0.530360	0.754116	-0.387335
0.716385	-0.077142	0.693427
0.913465	0.395919	-0.093965
0.346214	0.515802	-0.783635
0.042381	0.846868	-0.530111
0.643967	0.580340	0.498509
-0.411635	-0.484581	0.771841
-0.244615	-0.598073	-0.763199
-0.209442	-0.113166	0.971250
0.441268	0.726683	0.526512
-0.911003	-0.195719	-0.362998
-0.319191	0.947288	-0.027620
-0.101277	0.602283	-0.791832
0.650531	-0.082871	0.754945
0.177022	0.758498	-0.627171
-0.211750	0.952345	-0.219548
-0.314279	0.100880	-0.943955
0.645796	0.751754	0.133463
-0.343678	-0.772474	-0.534013
0.680228	-0.687848	-0.253288
0.421703	0.203146	-0.883685
-0.186960	-0.012682	0.982286
-0.498334	-0.270579	-0.823681
0.097523	-0.680051	-0.726650
-0.164585	0.900242	-0.403084
0.537935	0.823142	-0.181833
-0.837430	0.545833	0.027860
0.461639	-0.208988	0.862098
0.710314	-0.337838	0.617510
-0.056867	0.996950	0.053457
-0.073395	-0.973714	-0.215625
-0.359582	-0.907879	0.215539
0.285220	-0.115235	0.951510
0.361776	-0.749797	-0.554006
0.302638	-0.944164	-0.130245
-0.127647	0.024900	-0.991507
0.590187	0.734330	0.335318
-0.621678	0.563222	-0.544333
-0.734595	0.671741	0.095575
-0.643706	-0.764999	0.020477
-0.658591	0.046782	0.751045
0.208358	-0.951763	-0.225243
-0.572586	0.646797	0.503784
-0.749877	0.441809	-0.492432
-0.240471	-0.659990	-0.711750
0.775356	0.312419	0.548832
0.805136	0.514977	-0.294202
0.554955	0.831721	0.016287
-0.648328	-0.092308	-0.755745
0.851745	-0.348696	0.391078
0.819237	-0.379783	0.429668
-0.274337	-0.959611	-0.062339
0.863581	0.332260	-0.379251
-0.094392	-0.293867	-0.951174
0.433224	0.872601	-0.225577
0.327027	0.944785	0.020851
-0.027625	-0.539541	0.841506
-0.083009	-0.712416	0.696831
0.559236	-0.458047	0.690976
-0.977745	-0.206917	-0.034638
0.095202	0.188979	0.977355
0.811642	0.236609	-0.534091
-0.071688	-0.819528	-0.568538
0.058237	0.987963	-0.143312
-0.999064	0.042968	0.004974
0.923503	-0.378075	0.064813
-0.574269	0.725237	0.379798
-0.118152	0.808869	0.575996
0.609188	0.463198	-0.643691
0.695571	-0.384407	-0.606970
0.758177	-0.298887	-0.579512
0.124369	0.892348	-0.433875
-0.831532	0.527971	-0.172628
0.914556	0.356176	-0.191640
0.170411	-0.641625	0.747849
-0.764779	-0.643873	-0.023261
0.994851	-0.021595	-0.099020
0.521117	-0.751406	0.404755
-0.008189	-0.972681	0.232001
0.149154	-0.438845	-0.886097
0.417246	-0.751487	0.511051
-0.985962	-0.052909	0.158367
-0.578567	0.102126	-0.809216
0.693311	-0.374834	-0.615483
-0.438394	-0.695786	-0.568940
0.415290	0.849705	0.324863
0.430449	0.893334	0.129103
-0.466459	0.847307	0.253943
0.546491	0.787456	0.285063
0.730075	-0.670299	0.133006
-0.646899	0.624274	0.437955
-0.858419	0.236917	-0.454959
0.214142	0.143737	-0.966169
0.298486	0.747859	-0.592969
-0.529873	0.532059	-0.660415
-0.738089	-0.279143	0.614250
0.520027	-0.751798	-0.405427
-0.812612	-0.502347	-0.295482
-0.625930	0.605933	0.490975
-0.609230	0.506220	0.610393
-0.394584	-0.387496	-0.833157
-0.463279	0.771693	-0.435731
-0.638776	0.558879	0.528790
0.179309	0.983402	-0.027716
-0.818534	0.319130	0.477658
-0.321420	0.000976	-0.946936
-0.203596	0.856577	-0.474156
0.434309	0.859688	0.268911
0.291815	0.937161	-0.191240
-0.061264	0.983936	0.167681
0.697635	0.205780	-0.686266
0.855438	0.306439	-0.417517
-0.940489	-0.038984	0.337580
-0.881246	0.040468	-0.470922
0.275600	0.781314	-0.559994
0.567779	-0.823172	0.003942
-0.888599	0.428779	0.162913
-0.725582	-0.430560	-0.536795
0.370050	0.847519	0.380494
-0.594464	-0.543362	-0.592765
0.792778	0.608875	-0.027821
0.972608	0.038955	0.229166
0.024891	-0.994902	-0.097722
-0.612275	-0.701987	0.363778
-0.396824	0.752493	-0.525628
-0.825598	0.417371	-0.379722
-0.269162	0.929944	0.250510
-0.023360	0.209087	-0.977618
0.083873	-0.996319	-0.017728
0.527210	0.078602	0.846092
-0.333750	-0.942661	-0.001141
0.379850	0.241397	0.892996
-0.770166	0.625254	0.126100
0.520335	-0.652076	0.551406
-0.785057	-0.528419	-0.323200
-0.615771	0.602169	-0.508153
0.869950	-0.180650	0.458860
-0.338126	0.008599	0.941061
-0.856816	-0.466356	-0.219953
0.113591	0.792865	-0.598717
0.901969	-0.431773	-0.004857
-0.233856	-0.411735	-0.880787
-0.216838	-0.294422	-0.930751
0.937283	0.338488	0.083226
0.943527	0.257126	0.208908
-0.299366	-0.160690	-0.940510
-0.458978	0.888424	-0.006504
0.940254	-0.004619	-0.340441
0.828070	-0.422188	-0.368858
0.501776	0.687462	0.524991
-0.974626	-0.180460	0.132432
0.037322	-0.994033	0.102495
0.181757	0.894066	0.409403
-0.087239	-0.428956	-0.899103
0.071796	0.993560	-0.087663
-0.986687	-0.061816	0.150424
-0.969376	-0.179903	0.167165
-0.055427	-0.724091	0.687474
0.179992	0.520972	0.834381
-0.821309	-0.171356	0.544140
-0.563445	0.826117	-0.007842
0.761137	-0.072505	-0.644526
0.069820	-0.028124	0.997163
-0.477973	0.475564	-0.738499
-0.772854	0.111965	-0.624629
-0.472049	0.259486	0.842518
0.597863	0.716624	-0.359179
0.380169	0.918329	-0.110199
0.930300	0.341417	0.134076
0.971841	-0.191744	0.136962
-0.898856	-0.204827	-0.387431
0.320274	-0.050334	-0.945987
-0.535018	-0.739346	0.408808
0.576580	0.590695	-0.564478
-0.443838	-0.470850	0.762436
0.908824	0.380919	0.170117
-0.457020	-0.300315	-0.837224
0.366435	-0.929853	0.033153
-0.993371	0.089716	-0.071863
-0.544980	-0.760539	-0.352955
-0.206719	0.958335	0.197130
0.064768	0.146510	-0.987087
0.425338	-0.530118	0.733528
-0.246461	0.144789	0.958276
0.745182	-0.665075	0.048778
0.131187	-0.355932	-0.925258
-0.905362	-0.292877	-0.307478
0.353353	0.230000	0.906776
-0.341118	0.931179	0.128621
-0.785885	0.604277	-0.131275
-0.549214	-0.381935	-0.743297
0.282019	0.958613	-0.039061
-0.674319	-0.207094	0.708806
0.146846	0.014449	0.989054
-0.327666	0.330364	0.885152
-0.925083	-0.185605	0.331319
-0.096189	0.988556	-0.116207
0.245557	-0.754465	0.608675
-0.057743	-0.972491	0.225670
0.067630	0.991615	0.110119
-0.091305	-0.725669	-0.681959
0.741736	-0.084297	-0.665373
-0.443505	-0.426841	-0.788105
-0.351886	-0.185430	0.917492
-0.770944	0.586245	0.248921
-0.113533	-0.081250	-0.990206
-0.217695	0.522368	0.824464
0.856585	0.343820	-0.384772
-0.834340	0.449959	0.318454
-0.420975	-0.308218	-0.853101
0.624328	0.738290	-0.255230
-0.539078	-0.781805	-0.313332
0.710520	-0.558175	-0.428488
-0.220050	-0.330442	-0.917816
-0.914830	-0.368064	0.166177
-0.417768	-0.302720	0.856639
0.293222	0.945549	0.141273
0.455810	0.857428	-0.238858
0.630323	-0.734187	0.252314
0.362340	0.304263	0.880984
0.030829	-0.294946	-0.955017
-0.989824	-0.031236	-0.138824
0.786268	-0.091064	0.611138
-0.638688	0.699074	-0.321516
-0.953434	-0.297877	-0.047259
-0.481944	-0.856190	-0.186195
0.250857	-0.963987	-0.088322
0.068242	0.310259	0.948200
0.635192	0.732649	-0.244453
-0.236489	-0.886101	-0.398621
0.038987	-0.704815	0.708319
0.385854	-0.920435	0.062574
0.405232	0.895233	-0.185324
0.379231	-0.389709	0.839232
-0.675397	0.002892	0.737449
-0.255256	-0.667512	0.699480
0.230517	-0.921132	-0.313651
-0.320683	-0.833408	0.450103
-0.350342	-0.919113	0.180256
-0.967081	-0.224012	0.120715
-0.076825	-0.111201	-0.990824
0.472177	-0.087770	-0.877123
0.265728	-0.894031	-0.360690
-0.032713	0.999424	-0.009031
0.487604	0.576307	-0.655829
-0.930636	-0.362592	-0.049429
0.565870	-0.815939	-0.118471
-0.317538	0.832100	-0.454730
0.289127	-0.875441	0.387309
0.129237	-0.640074	-0.757366
0.134699	0.947007	-0.291606
0.555581	-0.090494	-0.826523
0.051168	0.912534	-0.405788
0.593404	0.794348	0.129936
-0.637572	0.760360	0.123913
-0.976515	0.122000	-0.177582
0.377424	0.279777	-0.882766
0.666842	-0.579222	-0.468853
0.559071	0.753382	0.346201
0.848195	-0.074531	0.524414
0.508536	0.573932	0.641867
-0.960166	0.065441	0.271658
0.257636	-0.765580	-0.589501
-0.136237	-0.728704	-0.671141
-0.343269	-0.569601	0.746808
-0.976660	0.170607	0.130492
0.526696	-0.717953	-0.455120
0.370012	-0.057436	-0.927250
0.973580	-0.019153	-0.227541
-0.326741	-0.520346	-0.788974
-0.893740	-0.012344	-0.448416
-0.938142	-0.344565	0.034113
0.970431	-0.178063	-0.162963
-0.094200	0.058193	-0.993851
-0.156433	0.648971	-0.744557
-0.973323	0.172288	-0.151522
0.499370	-0.774723	-0.387859
-0.187041	0.133141	-0.973288
0.188386	-0.864438	-0.466109
-0.267532	-0.701316	0.660744
-0.928233	-0.179431	-0.325865
0.482472	-0.785207	0.388163
0.871745	0.252491	-0.419891
-0.268592	-0.094230	-0.958634
0.925898	0.255307	-0.278446
0.672177	0.586027	-0.452493
0.535758	-0.842872	-0.050298
-0.559472	0.001777	0.828847
-0.988883	0.084021	0.122686
-0.014157	0.317296	0.948221
0.130770	-0.621711	-0.772253
-0.413441	0.054878	-0.908876
-0.849212	0.521115	-0.085309
0.751304	-0.558761	-0.351180
0.856704	-0.007659	0.515751
-0.000055	-0.929604	0.368559
-0.350319	0.896853	0.270058
-0.823888	-0.119581	0.553994
0.941667	0.306019	-0.140057
0.641126	-0.323450	-0.695943
-0.267081	-0.650670	0.710842
-0.155638	0.974853	-0.159497
-0.655253	-0.696377	0.292751
0.548655	0.813555	0.192629
0.592853	0.799520	-0.096398
0.649068	0.395916	0.649585
-0.275647	0.758596	-0.590382
0.169148	-0.902876	0.395227
-0.241564	-0.304529	0.921363
0.351229	-0.475183	0.806746
-0.048349	0.871763	0.487537
-0.015638	-0.974498	0.223850
-0.672366	0.435231	0.598746
0.932372	-0.026724	0.360511
-0.659967	-0.218966	-0.718678
-0.865786	-0.125824	-0.484338
-0.830492	0.399788	-0.387882
-0.787677	0.072548	-0.611802
0.963491	-0.176490	0.201335
0.004698	0.682775	-0.730613
-0.950238	0.264186	-0.165085
-0.234367	-0.723488	-0.649336
0.554215	-0.831754	0.032094
-0.160631	-0.719978	0.675151
-0.239135	-0.292520	-0.925876
-0.554106	0.216038	0.803924
-0.574068	-0.495733	0.651686
0.733184	0.220221	0.643384
0.268505	0.899299	-0.345205
-0.106182	0.860029	0.499075
-0.527147	-0.399779	0.749862
-0.922282	-0.075400	-0.379093
-0.046926	-0.529352	0.847104
0.491485	-0.403632	0.771702
0.693466	-0.247046	-0.676811
0.809858	0.449082	0.377432
0.609022	-0.322289	0.724722
0.690654	-0.661377	0.292536
0.921607	-0.315485	-0.226076
-0.290924	0.089773	0.952525
0.800281	0.520825	-0.297140
0.475495	0.535505	-0.697954
-0.170481	0.940623	-0.293537
0.581141	0.626661	-0.519202
0.369651	-0.309861	-0.875982
-0.346611	-0.648119	-0.678087
0.270090	0.682456	-0.679195
0.934827	0.351348	0.051503
-0.408613	-0.856534	0.315255
-0.806552	0.308569	-0.504241
-0.369177	-0.810351	0.455016
-0.865240	0.152097	-0.477731
-0.418227	0.788300	-0.451297
-0.217524	0.466253	0.857492
0.108746	-0.835769	0.538206
0.908670	-0.417394	-0.010004
0.135368	-0.775322	-0.616889
0.765375	-0.606525	0.215240
0.142050	0.888599	-0.436135
-0.003398	0.769316	0.638859
0.364593	-0.666220	0.650556
-0.754252	0.279485	-0.594131
0.887067	-0.432438	-0.161585
0.511448	0.747619	0.423660
-0.250542	-0.401189	-0.881065
0.483359	0.863396	-0.144609
0.515471	-0.804492	-0.295097
-0.905776	-0.315483	-0.282913
0.231593	0.945734	0.227929
0.746821	0.032364	-0.664237
0.208174	-0.333954	-0.919314
0.663995	0.747256	-0.026825
0.405067	0.748933	-0.524424
-0.127451	0.989667	0.065693
0.351736	-0.922054	0.161547
0.759402	-0.091696	0.644127
0.341305	0.502616	0.794285
-0.173299	-0.897237	-0.406119
-0.267275	-0.656231	-0.705638
0.506362	0.790025	-0.345627
0.280576	-0.907844	-0.311603
0.160896	0.906374	-0.390639
-0.050647	-0.960791	0.272609
0.744223	0.639568	0.192573
-0.892988	0.278617	0.353476
0.289144	-0.367503	-0.883933
-0.096170	-0.069581	-0.992930
0.495359	-0.236557	-0.835859
-0.810178	-0.054214	-0.583672
-0.600539	0.789908	0.124088
0.857639	-0.094972	0.505407
-0.752518	-0.258243	-0.605828
-0.284830	0.955747	0.073616
-0.612498	0.748232	0.254942
0.288745	0.918972	-0.268544
-0.120598	-0.980821	0.153121
0.518857	-0.689043	-0.505972
-0.409300	0.611814	0.676873
-0.088029	0.963914	-0.251240
0.638574	0.663576	-0.389731
-0.258757	0.687574	0.678444
-0.541640	-0.544866	0.640115
0.521800	0.674590	-0.522161
0.903456	0.427160	0.036072
-0.211589	-0.925948	0.312809
0.077325	-0.681409	-0.727807
-0.499049	0.054159	0.864880
0.846099	0.381378	-0.372381
-0.016844	-0.948200	-0.317227
0.312606	-0.165496	0.935355
0.355538	-0.741948	0.568424
-0.127079	-0.941289	-0.312771
0.502875	-0.742108	-0.443161
-0.511946	-0.429241	0.744086
-0.666332	-0.492552	0.559816
-0.859891	-0.509781	0.026676
-0.017026	-0.273983	0.961584
-0.244128	-0.374672	-0.894440
0.009500	0.842930	-0.537939
-0.616892	0.111872	0.779056
-0.166075	0.082846	-0.982627
-0.920841	-0.200174	0.334638
-0.418850	0.005709	0.908037
0.406476	-0.909295	-0.089216
0.693910	-0.306299	-0.651667
0.531844	0.261071	-0.805595
-0.740065	-0.362853	0.566252
-0.416924	-0.395721	0.818278
-0.774861	0.307920	-0.552065
-0.825447	0.437761	0.356376
-0.090050	-0.995935	-0.002234
0.408042	-0.909949	-0.074127
-0.360939	-0.819956	0.444292
-0.442427	0.563578	0.697595
-0.654762	-0.444807	-0.611093
0.543268	-0.663004	-0.515059
-0.199646	-0.938023	-0.283293
0.420289	-0.877932	-0.229331
-0.783891	0.241756	0.571899
0.263428	-0.964679	0.000106
0.078391	-0.450214	0.889473
0.380471	-0.384474	-0.841084
0.230876	-0.485212	-0.843366
-0.046414	0.966613	-0.252001
-0.127504	-0.427233	0.895106
-0.741711	-0.513230	0.431811
-0.546462	0.835252	-0.061108
0.328040	0.106467	0.938645
-0.280112	0.953066	0.114898
-0.451564	-0.825780	0.337902
-0.500413	-0.760513	0.413772
-0.762628	0.603422	0.232983
0.532074	-0.172160	-0.829010
0.722713	-0.287111	-0.628691
0.805902	0.337992	0.486090
-0.995932	0.074285	-0.051011
-0.470997	-0.851511	-0.230413
0.331005	-0.453982	-0.827246
0.345808	0.717937	-0.604138
-0.082144	0.967983	-0.237195
-0.913322	0.168103	0.370923
0.571382	-0.815262	-0.094181
0.983338	0.010190	-0.181498
0.482807	-0.681322	0.550179
-0.327168	-0.924918	-0.193616
-0.992020	0.016101	0.125047
-0.219128	-0.683213	0.696565
0.036308	0.242240	0.969537
0.187262	-0.963504	-0.191294
0.413335	-0.768481	0.488458
-0.761405	0.327101	0.559703
-0.378819	-0.801810	0.462166
0.583356	-0.534234	-0.611792
0.523272	0.659215	-0.540021
0.079178	-0.880289	-0.467785
-0.047790	0.986303	0.157868
0.727208	0.570934	-0.381055
-0.516523	-0.415716	-0.748589
0.910773	-0.386662	0.144860
-0.078092	-0.581859	0.809532
0.446691	0.025279	0.894331
-0.914158	-0.313205	-0.257328
0.461098	0.387906	-0.798071
0.879414	-0.451563	-0.150739
0.670438	0.591705	0.447658
-0.153050	0.987953	0.022888
0.185504	0.328046	0.926269
0.903608	-0.275003	-0.328430
-0.278873	-0.821257	-0.497762
0.253661	-0.365039	0.895769
0.452278	-0.070540	-0.889083
-0.254939	0.886142	0.386986
0.616899	0.777492	0.122236
-0.990209	-0.136314	0.030065
-0.539472	-0.395649	0.743257
-0.039661	-0.999126	-0.013226
-0.437465	-0.261631	-0.860334
0.468503	-0.076324	0.880159
0.333013	0.942717	-0.019647
0.305251	-0.932412	-0.193465
-0.557686	0.742642	0.370767
-0.646718	0.090290	-0.757366
-0.145788	-0.651559	0.744458
-0.509777	-0.830502	0.224487
0.287147	0.800119	0.526646
0.361455	-0.410986	-0.836924
-0.180731	-0.768052	-0.614355
0.554465	-0.714533	0.426629
0.901347	-0.186888	-0.390700
0.362787	-0.321844	-0.874530
0.498678	-0.527546	-0.687761
0.387186	-0.744995	0.543204
-0.865188	-0.214058	-0.453463
-0.905069	-0.425051	-0.013501
-0.473495	-0.850230	-0.230025
0.329820	0.905696	-0.266332
-0.970449	-0.041120	-0.237779
0.948757	-0.168649	-0.267242
0.210395	0.976630	0.043904
-0.756957	0.059051	-0.650791
-0.975437	0.001494	-0.220272
-0.385684	-0.047387	0.921413
-0.592249	-0.341596	-0.729762
0.910417	0.223096	-0.348380
-0.419169	-0.870232	0.258832
0.772623	0.429444	-0.467581
0.311062	-0.710329	0.631405
0.198733	0.097730	0.975169
-0.366689	0.909419	-0.196203
-0.145361	0.988489	-0.041957
-0.091093	0.478021	-0.873612
0.206718	-0.547889	-0.810608
-0.001758	0.736482	-0.676455
0.277171	0.391760	0.877326
0.962941	0.124427	0.239296
-0.779882	-0.241694	-0.577380
-0.210069	0.962868	0.169577
0.027249	-0.984001	-0.176066
-0.188995	0.195060	-0.962410
0.983186	0.095452	0.155675
-0.230764	0.607379	0.760157
0.202756	-0.857562	0.472734
0.911834	-0.078840	-0.402918
0.625643	0.069562	0.777002
0.441217	0.721470	-0.533675
-0.418353	0.430033	0.800033
0.915508	0.385255	-0.115857
-0.167395	0.808152	-0.564685
0.923796	0.334374	0.186535
-0.708855	-0.483964	-0.513131
-0.346448	0.095099	0.933236
-0.961609	0.273116	-0.026753
-0.260469	0.436269	-0.861293
-0.050048	-0.983999	-0.171003
0.511149	-0.815695	0.270866
0.422734	-0.857904	-0.292057
-0.412970	-0.257542	0.873572
-0.762529	-0.564879	-0.315375
-0.183358	0.546384	-0.817218
-0.901993	-0.399208	-0.164444
-0.924144	0.294586	-0.243263
-0.906512	0.411734	0.093333
0.392250	-0.839215	-0.376639
-0.071617	0.640194	-0.764868
-0.196573	0.949666	-0.243913
-0.354996	-0.876615	0.324846
-0.951823	-0.305914	0.021223
0.957937	0.115687	-0.262627
-0.648725	0.351085	0.675201
0.425294	0.130987	0.895527
-0.151873	0.575536	-0.803550
0.385319	0.236214	0.892038
0.661704	-0.704695	-0.256032
-0.217716	0.910447	0.351691
-0.272590	-0.504235	-0.819416
-0.286055	0.412103	-0.865068
0.420939	-0.730374	-0.537925
0.568664	-0.652174	0.501289
0.331484	-0.190004	0.924130
0.053878	-0.655688	0.753107
-0.704393	0.679978	-0.203619
-0.275892	0.862389	-0.424462
0.983074	-0.099805	-0.153638
0.448498	0.834942	-0.318939
0.605182	0.054659	0.794208
0.746573	-0.439219	0.499715
0.936436	0.339664	0.087842
0.878488	0.242399	0.411706
0.686109	0.366171	-0.628628
0.590600	0.572198	-0.569018
0.859905	-0.153497	0.486829
-0.199799	-0.484874	-0.851456
-0.887698	0.459726	0.025376
-0.235809	0.130670	-0.962974
-0.575997	-0.798169	0.176501
-0.840220	-0.042765	-0.540557
-0.881112	0.472858	0.006881
0.585005	0.628793	0.512238
0.952171	0.076359	0.295872
-0.769837	-0.495853	-0.401845
0.865143	0.070690	0.496519
-0.962619	-0.003074	0.270840
-0.320649	0.836124	-0.445064
-0.175975	0.341035	-0.923433
0.232241	0.674630	0.700670
-0.069784	0.611456	0.788195
-0.214887	0.314648	0.924565
0.642915	-0.222433	-0.732928
0.386910	-0.895792	-0.218763
0.529420	-0.452100	0.717858
0.701813	-0.414896	0.579067
-0.344003	-0.790955	-0.506015
0.242709	0.951905	0.186998
0.799544	-0.586642	-0.128768
-0.955320	0.283560	0.083409
0.284955	-0.089630	0.954341
0.149718	0.115803	0.981924
-0.814764	-0.565934	0.126009
-0.772964	-0.090697	0.627934
0.670627	-0.101004	0.734886
-0.088917	-0.651202	0.753677
-0.855655	-0.331549	0.397404
0.825459	0.487758	0.284095
0.519364	0.477384	0.708777
0.816909	0.480765	0.318629
-0.905488	-0.091648	-0.414358
0.889210	0.348297	-0.296641
0.020225	0.966042	0.257591
-0.172154	0.709802	0.683040
0.414211	0.835458	-0.361163
0.440540	0.037749	0.896939
-0.294055	0.205855	-0.933357
0.730041	-0.462249	0.503355
-0.842334	0.505326	-0.187400
0.735819	0.602712	0.308722
-0.217432	-0.969981	-0.108906
-0.625710	-0.780024	0.007024
0.201485	0.939478	-0.277099
0.307132	-0.905250	-0.293584
-0.706128	-0.366233	-0.606017
0.003312	0.480735	-0.876860
-0.462586	0.280745	-0.840950
-0.466090	-0.100352	0.879028
-0.750125	-0.579339	0.318870
-0.124695	0.548424	-0.826851
-0.616312	-0.495435	0.612130
0.785592	-0.342904	0.515036
0.382772	0.185753	-0.904976
-0.635235	-0.344966	-0.690995
0.862177	-0.019954	0.506214
0.732978	-0.202848	-0.649304
-0.602248	0.793625	0.086348
-0.492846	0.304105	-0.815244
-0.455781	0.580459	-0.674783
0.019137	-0.253091	0.967253
0.356528	0.213232	0.909626
0.807433	0.483486	0.338072
-0.343547	0.731845	-0.588539
-0.446363	0.704811	0.551364
-0.688701	-0.046897	-0.723527
-0.557055	0.798346	0.228765
-0.756419	0.502400	-0.418837
0.786908	-0.276845	0.551482
0.307234	0.485188	0.818657
-0.744914	-0.236807	0.623719
0.507343	-0.860368	0.048680
0.259403	-0.947048	-0.189238
-0.702753	-0.638786	0.313195
-0.122302	-0.783074	0.609784
0.070754	-0.668767	-0.740098
0.978243	-0.172899	0.114656
0.132519	0.276827	0.951738
0.163108	-0.837454	-0.521600
0.768944	-0.191478	-0.609968
-0.430317	-0.890517	0.147670
-0.639087	-0.120196	-0.759684
0.670329	0.295789	-0.680564
0.696219	-0.709402	-0.109670
0.087577	-0.782626	0.616301
0.329173	-0.939951	0.090205
-0.094889	-0.213714	0.972277
-0.394329	0.539910	0.743641
0.252569	-0.887021	-0.386527
-0.542602	-0.502354	-0.673219
-0.265677	-0.731204	0.628297
0.860586	0.103922	-0.498589
-0.800037	-0.145924	-0.581934
0.858722	-0.323720	-0.397242
0.193349	0.592758	-0.781828
0.826331	-0.557851	-0.077329
0.065871	-0.953476	0.294186
0.497777	0.275040	0.822540
-0.925711	0.365562	-0.097079
0.114875	-0.918448	-0.378493
-0.362314	-0.918240	0.159887
0.441101	-0.047339	0.896208
0.269265	-0.950982	0.152087
0.774181	-0.575056	-0.264490
-0.239261	-0.338329	-0.910103
0.397285	-0.474185	0.785693
0.034420	0.368457	-0.929007
-0.832619	0.455314	0.315333
0.537214	0.838841	0.088019
0.623987	-0.241789	-0.743087
0.420323	-0.150314	0.894837
-0.431804	0.645258	-0.630228
0.019674	0.976756	0.213448
-0.475072	-0.784406	-0.398765
0.229997	-0.592761	0.771839
-0.589647	0.754619	0.287867
-0.494534	-0.756290	-0.428324
0.514528	-0.583230	0.628573
0.515648	-0.387597	-0.764118
-0.130267	0.238199	0.962440
0.916571	0.016595	-0.399529
-0.195068	-0.249361	-0.948561
-0.034491	-0.007047	-0.999380
0.054733	0.053945	0.997043
0.010901	0.957412	-0.288518
0.435628	0.804755	0.403235
-0.747645	0.019066	-0.663825
0.211008	-0.525637	-0.824125
-0.310024	0.187617	-0.932033
-0.958564	-0.280347	-0.050600
-0.237262	0.781579	-0.576923
-0.970361	-0.173389	0.168330
-0.958702	-0.231215	0.165619
-0.775063	-0.252734	-0.579140
0.323719	-0.888090	0.326346
-0.190694	0.973451	0.126605
0.930916	0.363704	-0.033392
-0.403128	0.471542	-0.784306
-0.377562	-0.822109	-0.426127
-0.422621	0.532044	0.733703
0.548336	-0.506295	-0.665577
-0.914633	-0.368781	-0.165669
0.502582	0.055280	-0.862760
0.054503	0.984366	-0.167490
-0.084643	-0.995512	0.042322
0.649815	0.201828	-0.732807
0.591860	0.610184	-0.526666
0.318463	-0.595957	0.737168
0.519171	-0.854538	-0.015023
-0.995032	-0.059190	-0.080043
-0.820424	0.530758	0.212605
0.120477	0.566537	-0.815182
0.697171	0.373061	0.612192
0.746831	0.565010	0.350722
-0.277658	-0.271312	0.921572
0.512927	-0.768535	-0.382441
-0.733052	0.398531	-0.551188
-0.518687	-0.639231	-0.567756
-0.933434	-0.312341	-0.176478
-0.895292	0.236867	-0.377287
-0.181837	-0.752109	0.633457
0.899608	0.436413	0.015815
0.289714	-0.867772	0.403778
-0.478229	-0.780434	-0.402765
-0.205483	-0.276251	0.938862
0.984471	0.147501	0.095188
0.546553	0.823190	0.153745
-0.767613	-0.491772	0.411012
-0.324501	-0.888260	-0.325106
0.846076	0.521349	0.111136
-0.520868	-0.773078	-0.362005
0.628576	0.708357	0.321127
0.675113	0.737244	-0.026333
0.112974	0.206442	0.971915
0.577667	0.704650	0.412030
0.252831	-0.712316	-0.654739
-0.795728	0.147545	-0.587407
0.389637	0.657409	-0.644978
-0.764000	-0.547456	0.341461
-0.039324	0.228264	-0.972805
0.715319	0.567847	-0.407270
0.742796	0.660753	0.107982
0.880797	0.205638	-0.426509
0.950782	-0.126683	0.282781
-0.036123	0.725621	0.687146
-0.248768	0.967416	0.047133
0.383889	-0.529439	-0.756521
0.607741	-0.738121	-0.292966
-0.528152	-0.092204	0.844129
0.147265	0.770762	-0.619869
0.891826	0.020812	-0.451900
0.357907	0.038982	0.932943
-0.911238	-0.401153	-0.093383
-0.366326	0.910955	0.189646
0.690971	0.702696	0.169638
0.556148	0.763624	0.327991
0.208165	0.936646	-0.281713
0.363883	-0.324228	-0.873193
0.457862	0.114389	0.881634
0.544091	0.655684	0.523491
-0.174153	0.354788	0.918584
0.935028	0.234511	0.265946
-0.723802	-0.145394	0.674516
0.914166	0.138776	-0.380843
-0.318437	0.536217	-0.781709
0.203417	-0.936963	0.284115
0.295415	0.382933	-0.875267
-0.104061	-0.676091	0.729433
-0.145828	0.953944	0.262156
-0.436326	0.633097	-0.639380
-0.107659	-0.861484	-0.496240
0.088264	0.996093	-0.002731
0.224526	0.110505	0.968182
0.958564	-0.240118	0.153290
0.923800	0.026063	0.381988
-0.187858	-0.055296	-0.980638
0.629282	-0.764348	-0.140627
0.465670	0.541074	0.700279
0.356090	0.929062	-0.100218
-0.892493	0.066378	-0.446150
-0.784088	0.567651	0.250955
-0.485318	-0.741191	0.463791
0.232562	-0.034712	-0.971962
-0.444144	0.134322	0.885829
-0.240437	0.331161	0.912426
0.938434	-0.345321	-0.009751
-0.597874	-0.796641	-0.088933
-0.116409	0.184413	-0.975931
-0.558130	0.190201	-0.807660
-0.163307	-0.936732	0.309620
0.239329	0.139256	-0.960900
-0.427771	-0.739955	-0.519113
0.299316	-0.309272	0.902641
0.015906	0.790121	-0.612744
0.503713	-0.075182	-0.860593
-0.278608	0.774460	-0.567970
-0.136511	-0.974027	-0.180653
-0.246048	-0.794924	-0.554577
0.836448	0.095736	0.539620
0.093840	0.990671	0.098823
-0.193559	-0.528543	-0.826545
0.109636	0.423022	-0.899462
0.552383	0.479594	0.681808
-0.593525	0.243763	-0.767013
-0.601622	-0.226222	0.766077
-0.431551	0.835049	0.341257
0.474777	0.078774	-0.876574
0.264226	-0.753980	0.601414
0.896696	0.352251	0.268059
0.814876	-0.132303	0.564334
-0.947906	0.023685	0.317669
-0.492367	-0.719574	0.489681
0.975396	0.169063	-0.141494
-0.413686	0.227360	0.881573
0.238825	0.954801	0.176969
0.657533	-0.477413	-0.582862
0.727457	-0.161542	-0.666866
-0.392286	0.356051	0.848139
0.815002	0.084250	0.573301
0.975298	0.152579	-0.159732
0.073076	-0.916892	0.392389
-0.550823	-0.761785	0.340993
-0.215794	0.973947	0.069714
-0.366194	0.491432	-0.790188
-0.144591	0.588007	-0.795827
0.599724	0.659752	-0.452833
0.572903	-0.794955	-0.199572
0.309211	0.147262	0.939523
0.660851	0.570095	-0.488127
0.091622	0.271924	0.957947
0.700068	0.482348	-0.526541
-0.331867	-0.270264	0.903782
0.972634	-0.224786	0.058771
0.930932	0.295637	-0.214394
0.909689	-0.023425	0.414629
-0.760564	0.351705	-0.545752
0.435370	0.357982	-0.826016
-0.546896	0.215125	0.809089
0.811459	0.492121	-0.315201
-0.446705	0.854311	0.265720
0.676989	0.388953	0.624820
0.820662	0.084266	-0.565166
-0.601899	-0.241835	-0.761074
-0.973521	-0.133646	0.185460
-0.616088	0.786341	0.045854
0.903519	0.254745	0.344614
-0.743190	0.216941	0.632934
0.299275	-0.185599	-0.935942
0.853183	0.021911	-0.521152
-0.964927	-0.207653	0.160613
0.049280	-0.096089	0.994152
-0.551221	-0.195530	-0.811125
0.292438	-0.748356	0.595352
-0.562107	0.493451	0.663733
0.610581	0.660985	-0.436221
0.454121	0.258699	-0.852554
-0.665214	0.718430	-0.203346
0.171840	0.971596	0.162701
0.310199	-0.743779	0.592089
0.765754	-0.196560	-0.612360
-0.870334	-0.334991	0.360972
-0.363789	-0.311156	-0.877975
0.655530	-0.556403	-0.510584
0.586531	-0.799819	0.127560
-0.979670	-0.140896	-0.142813
-0.102112	-0.321030	0.941548
0.395746	-0.913317	-0.096106
-0.835804	0.103730	-0.539140
0.653233	0.197187	0.731030
-0.695583	-0.710399	0.107224
0.460809	-0.399057	0.792722
-0.312202	-0.486449	0.816025
0.849597	-0.259405	-0.459231
0.000315	-0.997398	-0.072089
-0.338004	0.800905	-0.494272
-0.743068	0.373012	-0.555618
-0.825363	0.435811	-0.358950
-0.011226	-0.561643	0.827303
-0.356969	0.569092	0.740748
-0.916566	-0.240390	-0.319561
-0.536132	0.226761	0.813106
0.711567	-0.436768	-0.550369
-0.778837	0.463774	0.422287
0.140587	-0.947097	0.288518
-0.229379	0.895054	0.382444
0.437195	0.893759	-0.100275
0.902919	-0.078310	-0.422617
-0.007758	-0.638551	0.769540
-0.155217	0.624856	-0.765156
-0.885328	-0.260633	-0.385053
0.122008	0.839387	-0.529663
-0.120204	0.499723	-0.857804
0.748994	0.096238	0.655551
-0.175057	-0.337250	0.924996
-0.840986	0.472344	-0.263881
-0.911710	-0.324648	0.251770
0.105730	0.383039	0.917661
-0.762299	0.273567	0.586567
0.301415	-0.952996	-0.030783
-0.365965	0.339697	0.866415
-0.525273	0.471853	-0.708126
0.113215	0.909118	-0.400858
0.846021	0.321175	0.425553
-0.267989	0.256850	-0.928552
-0.077544	-0.403975	0.911478
-0.140661	0.483329	0.864065
0.666673	0.123662	-0.735020
-0.543216	0.139362	-0.827946
0.313818	-0.491162	-0.812575
-0.002846	-0.396566	-0.918002
0.299751	0.040080	0.953175
-0.880751	0.311239	-0.356942
0.181323	0.846544	-0.500484
0.325072	-0.482200	0.813518
0.449197	-0.766802	-0.458515
0.954844	0.119835	-0.271869
0.570311	0.639999	-0.514924
0.944769	-0.282731	-0.165756
0.043774	0.935384	0.350915
0.117472	0.941795	-0.314995
-0.297632	-0.954480	-0.019586
-0.572480	-0.603128	-0.555431
0.703424	-0.254737	-0.663554
0.661972	-0.619813	0.421456
-0.900017	0.431405	-0.062120
-0.423026	0.686542	0.591362
0.679143	0.165907	-0.715011
-0.200901	0.647148	-0.735417
0.902912	-0.266768	0.337023
-0.182328	0.237089	0.954225
-0.785578	-0.366697	-0.498398
0.284280	0.526775	-0.801057
-0.747155	0.170403	0.642435
-0.948589	-0.099494	-0.300465
0.315732	-0.872269	0.373443
-0.532508	0.110449	0.839188
-0.544168	0.814422	0.201489
0.021206	0.856976	-0.514920
-0.302730	0.704266	-0.642156
0.193819	-0.170413	-0.966123
-0.588986	-0.789873	0.170869
-0.623742	-0.092739	-0.776109
0.657745	0.664253	0.355163
-0.857878	0.405713	0.315344
-0.551557	-0.635693	-0.540074
-0.984272	0.004390	-0.176605
0.518853	0.813700	-0.262076
-0.437624	-0.308926	0.844423
-0.964036	-0.259812	0.055965
0.080359	-0.369552	0.925729
0.306100	0.724324	-0.617784
0.050428	0.557109	-0.828907
-0.904580	-0.425591	0.024633
0.720224	-0.464643	0.515155
0.961177	0.176613	0.212006
0.819293	0.232252	0.524230
-0.607697	0.668690	-0.428436
-0.035797	-0.992667	0.115456
0.184674	-0.982794	-0.003300
0.636412	-0.735104	0.233671
0.350871	0.779426	0.519022
0.527034	-0.849684	-0.016517
0.998516	0.031877	-0.044164
-0.235423	0.819011	-0.523256
-0.512954	-0.311758	-0.799803
0.385362	0.909227	-0.157488
0.368640	0.895637	0.248877
-0.881509	0.128942	-0.454219
0.323632	-0.936769	0.133141
-0.745499	-0.655892	0.118478
-0.163726	0.912222	0.375560
0.966109	-0.137639	-0.218380
0.419244	0.895620	0.148656
0.219872	-0.909032	0.354000
0.381436	-0.625777	-0.680375
-0.675088	0.722833	-0.147540
-0.213533	-0.963116	-0.163740
0.413934	-0.648310	-0.639024
0.920752	-0.216258	-0.324729
0.110461	0.984725	0.134594
0.393826	-0.645406	0.654487
0.973673	-0.224954	0.036844
-0.690595	0.307757	0.654496
0.395407	-0.645122	0.653813
-0.497088	-0.661535	0.561493
-0.320311	0.921913	0.217891
0.852483	0.514096	0.094752
-0.788903	0.487807	-0.373732
0.035071	0.147583	0.988428
0.076705	-0.997002	0.010214
-0.241752	0.750141	-0.615503
0.727474	0.112588	-0.676835
0.932010	0.065771	0.356416
0.979119	0.197946	0.046298
-0.071075	0.230492	-0.970475
-0.555333	-0.791995	0.253673
0.411087	-0.730519	-0.545298
-0.072881	-0.850293	-0.521238
-0.773545	0.258434	-0.578654
-0.277431	-0.404624	-0.871385
-0.640832	-0.708154	-0.296399
0.786008	0.024152	0.617745
0.860736	0.206054	0.465485
-0.236977	0.881784	-0.407798
-0.658388	-0.710602	-0.248131
0.829951	-0.447090	0.333606
0.979544	-0.161014	0.120699
-0.804833	0.278371	-0.524169
0.441102	-0.642551	-0.626544
0.440784	-0.850250	-0.287724
0.767565	-0.321041	0.554776
-0.396938	0.907088	-0.140111
0.057803	-0.941245	0.332740
0.035587	-0.506225	-0.861667
0.583967	-0.256438	-0.770209
-0.689918	-0.700755	0.181536
0.474649	0.414202	0.776624
0.741857	-0.587176	0.323840
-0.573386	-0.687578	0.445494
-0.007227	-0.704465	-0.709702
0.177922	-0.721187	0.669502
0.320837	0.121169	-0.939352
-0.385392	-0.765439	-0.515341
-0.054281	0.881048	0.469902
-0.995152	0.064321	0.074396
-0.923161	0.231817	-0.306651
0.078927	0.762644	0.641985
0.179831	-0.501857	-0.846050
0.969557	-0.219455	0.108624
0.443564	-0.239508	-0.863647
-0.028190	0.574380	0.818103
-0.428668	-0.616669	-0.660275
-0.002976	-0.998666	-0.051555
-0.965945	0.147783	0.212391
-0.726389	0.471272	-0.500261
-0.703929	0.626864	0.333955
0.343345	-0.521126	-0.781372
0.836967	0.213533	0.503875
0.167720	-0.818203	-0.549922
0.210222	0.959328	-0.188405
-0.809308	-0.182268	-0.558389
-0.354419	-0.358564	-0.863608
-0.788836	-0.556920	-0.259958
0.369698	-0.429860	-0.823737
0.567145	0.804129	-0.178106
-0.394507	-0.072390	0.916037
0.582768	0.811061	-0.050611
0.693004	-0.359291	-0.625025
0.087325	0.748634	0.657208
0.490854	-0.123501	-0.862444
0.323722	0.067972	0.943708
-0.744146	-0.392561	-0.540502
0.108368	0.873425	-0.474747
0.567380	-0.493283	-0.659357
0.683609	-0.679432	-0.266554
0.893507	-0.311396	-0.323540
-0.731317	0.315062	0.604906
-0.693630	-0.718311	-0.053905
0.794230	0.602412	0.079355
-0.521968	-0.729271	-0.442395
-0.172564	-0.502137	0.847396
-0.781492	0.036736	0.622833
-0.920783	-0.105191	-0.375624
0.012397	-0.309345	0.950869
0.964438	0.113988	0.238465
-0.086924	-0.570273	-0.816843
-0.779463	-0.039995	-0.625170
0.269417	0.959884	-0.077696
-0.191347	0.131981	0.972608
-0.286108	-0.269830	0.919421
-0.610221	0.568668	0.551586
0.557792	-0.181013	-0.810001
0.950403	0.258884	-0.172374
0.038833	-0.902447	0.429048
-0.699236	-0.313909	-0.642285
-0.932065	0.350205	-0.092795
0.279472	0.812051	-0.512316
-0.852034	-0.399776	-0.337961
0.939744	0.145122	0.309550
-0.701140	-0.536230	0.469957
0.192310	-0.876074	-0.442166
-0.274315	-0.948900	0.156015
-0.994928	0.085933	-0.052290
-0.370806	-0.827348	-0.421899
0.187661	0.232228	0.954386
0.768163	0.266556	0.582129
-0.212416	0.964605	-0.156259
0.680642	0.698878	-0.219765
0.314060	0.081697	0.945881
-0.234153	0.256899	-0.937644
-0.642754	0.102504	-0.759184
-0.957349	0.288931	-0.001588
0.929853	-0.205463	0.305218
0.598002	0.801194	0.021967
-0.920029	0.208675	0.331666
0.333274	-0.005074	0.942816
0.399504	0.140202	0.905947
-0.203193	0.665405	0.718296
0.417606	0.732112	0.538161
0.005673	0.816738	0.576981
0.983195	-0.155679	0.095349
-0.558842	-0.054437	-0.827486
0.641713	-0.389033	0.660953
0.391334	-0.628950	0.671773
0.518145	-0.339043	-0.785223
-0.381327	-0.184935	0.905753
0.744663	0.467375	0.476484
0.477234	-0.632571	-0.610002
-0.079180	0.325069	-0.942370
0.983099	0.129701	-0.129206
0.801691	-0.255306	-0.540473
0.902461	0.210390	0.375899
0.973008	0.135310	0.186941
-0.922796	-0.379411	0.067040
-0.767350	-0.008364	0.641174
-0.469121	0.726641	-0.501915
0.731688	-0.355367	0.581675
-0.651657	-0.750770	0.108109
0.691272	0.721943	-0.030678
0.651110	-0.581311	0.487990
-0.805187	0.343187	-0.483629
-0.386498	-0.517595	0.763358
-0.908528	-0.089512	-0.408124
-0.077418	-0.658339	0.748730
0.352726	-0.271307	0.895532
0.113169	-0.253312	-0.960742
0.198218	0.594502	-0.779280
-0.643070	-0.415855	0.643059
0.232634	-0.968594	0.087786
0.257562	-0.808756	0.528749
0.966282	-0.254850	0.036759
-0.390964	-0.044742	-0.919318
0.673759	0.737928	0.038868
-0.085145	0.318457	0.944106
0.151674	-0.833781	0.530852
-0.204250	-0.125921	-0.970786
0.812755	0.163892	-0.559078
-0.253791	0.664527	0.702847
0.550730	-0.832660	-0.058078
-0.139436	-0.021070	-0.990007
-0.708223	0.705976	0.004214
-0.090662	-0.888121	0.450578
-0.137275	-0.462581	0.875885
0.833740	-0.398985	-0.381692
0.689735	0.644799	-0.329395
-0.557617	-0.735760	0.384346
-0.293314	-0.945985	0.138125
-0.951065	-0.283579	0.122715
0.088943	-0.597731	0.796748
0.539176	0.745692	0.391449
-0.490822	0.722999	-0.486174
0.665734	0.182990	0.723403
-0.298770	-0.950801	0.081944
-0.969750	-0.218934	0.107951
-0.153594	0.987807	0.025440
-0.982053	0.098494	0.160843
-0.463630	-0.879019	0.111234
-0.362738	-0.781123	-0.508200
0.090086	-0.584514	-0.806367
-0.554872	0.721170	-0.414766
-0.616783	0.251564	-0.745851
0.519003	0.827907	-0.212616
-0.903241	0.416540	-0.103201
0.089663	0.247199	-0.964807
-0.822702	-0.568466	0.002998
-0.369710	0.783121	0.500035
0.092855	-0.614841	-0.783165
-0.284741	0.783809	-0.551875
-0.486756	-0.611590	0.623720
0.957107	0.174111	0.231585
-0.958604	-0.182675	-0.218422
-0.116499	0.936816	0.329853
-0.465036	-0.871589	0.155159
-0.473432	0.876013	-0.091993
0.922095	0.041024	0.384782
-0.263719	-0.834637	0.483564
0.284809	0.838396	0.464732
0.402842	0.064028	-0.913027
-0.214463	-0.173275	-0.961239
-0.000588	-0.506474	-0.862255
0.490014	-0.851879	0.184902
0.124638	-0.771353	0.624083
-0.269952	0.106693	0.956944
0.102476	0.584777	-0.804695
-0.117802	-0.904528	-0.409820
0.411547	0.867102	0.280649
0.554220	-0.121928	0.823392
-0.320237	-0.490108	-0.810705
0.958183	0.182229	0.220629
0.130278	0.267703	-0.954653
-0.720183	0.238342	0.651559
-0.454540	-0.619224	-0.640277
0.919049	0.073085	0.387308
0.796328	-0.054832	0.602374
0.646186	0.572204	0.505000
-0.074723	0.779772	0.621588
0.548244	0.146379	0.823408
-0.847483	0.351983	0.397342
-0.640142	0.537209	0.549204
0.247278	0.889132	-0.385094
0.552373	0.295332	0.779528
0.137385	0.787148	0.601268
0.396050	-0.267918	-0.878274
0.968118	-0.160070	-0.192679
-0.121236	0.243565	0.962277
-0.710898	-0.700948	0.057404
0.090786	-0.931372	-0.352567
0.079855	-0.940731	-0.329619
0.472418	-0.754199	-0.456076
-0.235739	0.535934	0.810680
-0.046340	-0.871781	-0.487699
0.310843	0.071265	-0.947786
-0.010791	-0.549358	-0.835517
0.410644	0.628129	-0.660927
-0.159055	0.458023	-0.874595
0.936430	-0.209023	0.281793
-0.296918	0.950752	-0.088944
0.714726	-0.421077	-0.558445
0.820461	0.292520	-0.491199
-0.197335	-0.286814	-0.937442
-0.373632	-0.926763	0.038850
-0.551691	-0.829628	-0.085758
-0.014087	-0.943769	-0.330305
-0.065190	-0.974402	-0.215153
-0.432306	-0.885667	0.169425
0.960884	-0.271812	0.053097
-0.821138	0.346387	-0.453594
-0.133843	0.896948	0.421391
-0.953250	-0.070884	0.293752
0.353343	-0.705204	0.614684
-0.308452	0.144741	-0.940164
0.763845	-0.502473	0.405045
0.244250	-0.844624	-0.476396
-0.993924	0.092352	-0.059892
0.776994	0.000387	-0.629507
0.881787	0.469466	-0.045321
-0.658241	0.343608	-0.669815
-0.335836	-0.679370	0.652434
-0.808687	0.007803	-0.588187
-0.912722	-0.407418	-0.030799
-0.476020	-0.426711	-0.768975
0.855205	-0.429078	0.290718
-0.943320	-0.087820	-0.320055
-0.671984	-0.673827	-0.307237
0.431884	0.868973	-0.241582
0.835463	0.026967	0.548884
0.409605	0.911139	0.045264
0.464902	0.884898	-0.028662
-0.009000	0.428377	0.903555
0.042538	-0.998449	-0.035926
0.761366	0.066094	-0.644944
-0.651505	-0.530437	0.542381
-0.889341	-0.165144	0.426380
0.015940	-0.544537	0.838585
0.845948	0.053979	0.530526
0.919487	-0.187770	-0.345377
-0.837575	-0.124846	0.531866
0.124978	0.857084	-0.499787
0.981920	-0.105671	-0.157059
-0.354992	-0.924432	0.139306
0.537247	-0.836505	0.107821
-0.036691	0.686622	-0.726088
-0.796860	-0.527855	-0.293911
-0.216256	0.883215	0.416130
-0.626961	0.349051	0.696480
0.028345	-0.664515	-0.746737
0.382443	0.923978	-0.001301
0.024605	0.557101	0.830080
-0.299168	-0.808297	-0.507104
-0.054667	-0.680023	0.731150
-0.931663	0.310408	0.188814
-0.738934	0.440274	-0.510034
0.142911	0.910453	-0.388139
-0.895594	0.413823	0.163286
0.080828	0.779885	-0.620682
-0.471043	-0.764636	0.439830
0.119205	0.318517	0.940392
-0.417350	0.513213	-0.749954
0.146498	-0.071217	-0.986644
-0.213220	-0.915782	-0.340412
-0.162186	0.331141	0.929538
0.537162	0.736373	-0.411353
-0.271621	-0.961846	-0.032783
-0.060363	-0.996433	0.058964
-0.318664	-0.315846	-0.893697
0.545248	0.137356	-0.826945
0.207357	-0.011526	0.978198
0.798243	-0.588782	-0.127058
0.388443	-0.303990	0.869886
0.636496	0.657142	0.403778
-0.077618	-0.991923	0.100325
0.603962	-0.592740	0.532812
-0.583786	0.811147	-0.035134
0.012325	0.599064	0.800607
0.616338	-0.110016	-0.779759
-0.430490	-0.561858	0.706395
-0.417192	0.869652	-0.263924
-0.466979	0.603757	-0.646071
0.380440	0.901953	0.204317
-0.485811	-0.481414	0.729540
-0.568981	-0.080316	-0.818419
-0.348469	0.418372	0.838769
0.546482	-0.347714	-0.761874
-0.289084	-0.915242	0.280646
-0.253974	0.007971	0.967178
-0.104432	0.986344	0.127356
-0.434176	0.088539	-0.896466
0.793744	-0.204440	0.572866
0.495191	-0.677644	0.543677
0.534172	0.180490	0.825884
-0.630300	-0.525878	-0.571117
0.725138	-0.312460	-0.613632
-0.902307	-0.167639	-0.397164
0.301322	0.116618	0.946364
0.979688	0.039039	-0.196691
0.584249	-0.031158	-0.810976
-0.849885	0.410774	0.330092
-0.640114	-0.368690	0.674034
0.108491	0.182799	-0.977146
0.794778	-0.000491	-0.606900
0.934947	-0.297702	-0.192996
0.247289	0.199939	-0.948089
-0.411527	0.003363	-0.911391
-0.732788	0.151648	0.663344
-0.762276	0.349207	0.544968
0.879454	0.119308	-0.460789
-0.826919	-0.152041	-0.541377
-0.232336	-0.447376	-0.863640
0.399962	-0.357360	-0.843993
0.506900	0.857724	-0.085801
0.368424	-0.621693	0.691203
-0.875571	-0.467374	-0.122217
0.573753	-0.801196	0.169977
-0.676468	0.543821	-0.496639
-0.486489	-0.665026	-0.566629
0.940603	-0.102071	-0.323801
0.442685	0.888685	0.119453
-0.016966	-0.655106	-0.755346
0.099162	-0.042886	0.994147
0.626666	0.277226	0.728310
0.894939	-0.446163	0.004636
0.745622	-0.512662	-0.425706
-0.842759	0.387663	-0.373464
-0.154921	0.737617	0.657206
0.328398	0.129398	-0.935634
0.639234	-0.708705	0.298524
0.187513	-0.218560	-0.957638
-0.251206	-0.967559	-0.026941
-0.435500	0.480671	0.761115
0.452780	0.856213	-0.248777
-0.460320	-0.618741	0.636604
-0.310525	0.762995	-0.566933
-0.320612	0.023859	-0.946910
-0.930266	-0.032977	0.365402
-0.704440	-0.076096	0.705673
-0.598351	0.801205	-0.006818
-0.696108	0.261415	-0.668653
-0.350510	0.429121	0.832465
-0.205123	-0.977852	0.041596
-0.502881	0.713455	0.487947
-0.224372	-0.957930	0.178962
0.539405	-0.440369	-0.717717
0.058345	0.996779	-0.055018
0.972035	0.094734	-0.214882
-0.554676	-0.568217	0.607836
0.554275	0.821653	-0.132915
-0.083687	0.410454	0.908033
0.152297	0.928615	-0.338349
-0.625068	-0.741277	-0.244535
-0.107839	-0.910425	0.399372
0.121940	0.888969	0.441434
-0.058664	0.515624	-0.854804
0.396424	0.899565	0.183390
0.664692	0.005956	0.747094
0.745567	-0.203007	0.634758
-0.727331	-0.510274	-0.458923
0.438120	-0.436463	-0.785844
0.243903	0.225502	0.943218
-0.099627	0.688518	0.718344
0.097724	-0.425539	0.899648
0.586875	-0.430147	-0.685967
0.506123	-0.482358	0.714962
-0.808639	-0.272024	0.521638
-0.920299	0.127394	-0.369891
-0.305663	-0.134139	-0.942643
-0.877665	0.105914	-0.467426
0.214799	-0.456170	0.863580
-0.087477	0.857896	-0.506322
-0.609023	0.331606	-0.720505
0.111745	0.880272	0.461122
0.314440	0.737283	-0.597947
-0.287668	-0.360882	0.887137
-0.894684	0.425517	-0.135927
0.561521	-0.103565	0.820956
0.031375	-0.806692	-0.590138
-0.685300	-0.721621	0.098116
0.007022	0.453240	0.891361
0.625784	-0.478974	0.615612
-0.817132	0.562628	0.125481
-0.547415	0.730939	0.407511
0.953616	-0.177254	-0.243305
0.172464	-0.457109	-0.872529
-0.545463	-0.311834	0.777965
-0.565411	0.687545	-0.455623
0.752056	0.436037	0.494251
0.194604	-0.184945	0.963289
-0.145043	0.977474	-0.153323
-0.694253	0.340428	-0.634131
0.830213	0.055347	0.554691
0.064305	-0.991816	0.110298
0.495047	0.864822	-0.083728
0.352038	0.933812	-0.063747
0.620920	0.552398	-0.556161
0.378550	0.881191	-0.283199
0.850999	0.122742	-0.510622
-0.722187	0.483611	-0.494537
0.198715	0.680340	-0.705443
0.509597	-0.809136	0.292592
0.018894	-0.318482	-0.947741
-0.446162	0.844097	0.297389
-0.603479	-0.735132	-0.308860
-0.427452	-0.543898	-0.722122
-0.039709	-0.109289	0.993217
-0.070772	0.557282	-0.827302
0.434732	-0.899761	0.037924
-0.475361	0.758403	-0.445933
-0.920516	0.157443	0.357577
0.752850	0.604323	0.260788
0.679369	-0.729841	0.076090
-0.204522	-0.146782	-0.967794
-0.738768	0.611500	0.283355
-0.524828	0.169074	0.834248
-0.264464	0.360164	-0.894617
-0.625578	-0.471857	0.621292
0.919434	-0.182912	-0.348115
0.531106	-0.303867	0.790943
0.799072	0.353937	-0.486017
-0.513873	-0.836948	0.188286
-0.518449	-0.372191	-0.769860
-0.641997	-0.674924	0.363754
0.010490	0.870268	0.492467
-0.815784	0.132909	0.562879
-0.598465	-0.180107	0.780641
-0.648532	0.761185	0.001913
-0.574151	-0.093761	-0.813363
0.304814	0.839160	0.450443
0.345624	0.834298	-0.429524
0.014662	-0.384012	-0.923212
-0.473280	-0.786751	0.396268
-0.470721	0.864449	-0.176492
-0.984245	0.057117	-0.167329
0.440883	0.693737	0.569519
-0.130990	0.885432	0.445928
-0.338439	0.556700	-0.758646
0.088090	0.673698	0.733738
-0.153200	-0.986965	0.049294
0.732274	-0.423627	-0.533213
0.236326	-0.717174	-0.655600
-0.653940	0.756001	0.028728
-0.169554	-0.396953	0.902042
-0.668481	0.733357	-0.123778
-0.669302	0.349225	-0.655802
0.949857	-0.237975	-0.202828
0.508538	0.680812	-0.527147
-0.163440	-0.969066	-0.184931
0.394273	-0.894733	0.209768
-0.909163	0.416076	0.017432
-0.769393	0.439573	0.463475
-0.597504	0.612469	-0.517563
0.774342	-0.054555	-0.630411
0.010424	-0.915248	-0.402756
-0.216839	0.954439	0.205003
0.393718	0.896577	0.202823
0.092920	-0.327372	-0.940316
0.176391	0.149112	-0.972960
-0.636965	-0.110047	-0.762997
-0.136771	0.738909	-0.659778
-0.457463	0.590232	0.665096
0.088753	-0.194329	0.976913
0.782414	0.273938	-0.559273
-0.360639	0.754366	-0.548518
0.643665	-0.137179	-0.752913
0.741539	0.626654	0.239636
-0.543656	-0.126906	0.829658
-0.616064	0.729919	0.296113
-0.095787	0.226708	0.969241
0.898144	0.009844	-0.439592
0.366861	0.503339	0.782344
-0.488132	-0.727173	0.482645
-0.280975	-0.733235	-0.619209
0.088758	0.424851	-0.900901
-0.482904	0.443779	-0.754893
0.149402	0.728278	-0.668797
-0.877961	0.221952	0.424172
-0.604067	0.688686	0.401017
0.147996	-0.261943	-0.953668
0.843724	0.425620	-0.327074
-0.875653	-0.386772	0.289206
0.967924	0.044686	0.247239
-0.387877	-0.430277	-0.815115
-0.564337	-0.825007	-0.029790
-0.670578	-0.035939	0.740968
-0.409001	-0.907008	-0.100272
-0.361374	-0.693739	0.623005
-0.532365	-0.568850	0.626895
0.917901	-0.217919	0.331616
0.695695	-0.406866	-0.592004
0.739536	-0.258400	0.621543
0.294425	-0.805030	0.515015
-0.998065	0.058697	0.020527
-0.674374	-0.281972	0.682430
-0.332440	0.169346	-0.927796
0.949232	-0.278963	-0.145389
0.985928	0.084859	-0.144032
-0.109385	-0.811605	-0.573875
0.284094	0.828598	0.482407
-0.011006	0.526566	0.850063
-0.651213	0.485567	0.583220
0.109001	-0.930870	-0.348711
0.576299	0.175185	-0.798241
-0.432352	-0.890894	-0.139211
0.728090	0.662524	-0.175921
0.259986	0.862078	0.435005
0.808660	0.375239	-0.453062
0.569821	-0.700340	0.429915
0.752034	0.359614	0.552379
0.760094	-0.176708	0.625325
-0.236273	-0.428951	-0.871881
0.378605	0.905936	0.189575
-0.943784	0.121525	-0.307414
-0.371991	-0.428589	0.823367
-0.571848	0.565566	0.594243
-0.320554	-0.879529	0.351674
0.131396	0.228221	0.964702
-0.766063	-0.056818	-0.640249
0.264722	-0.763511	-0.589044
-0.141284	0.101737	-0.984728
-0.444031	-0.133400	-0.886025
-0.283822	-0.310888	0.907080
0.968801	0.246980	-0.020628
-0.187211	0.168311	-0.967793
-0.990476	0.091345	-0.103022
-0.468310	0.271380	0.840856
0.412531	0.547889	0.727761
0.798773	0.353581	0.486768
-0.985299	-0.038024	0.166554
0.222478	-0.863457	0.452708
0.798562	-0.512155	0.316223
0.803483	0.595220	-0.011323
0.100958	-0.075427	-0.992027
0.130361	-0.932631	0.336460
-0.044390	0.772798	-0.633098
0.004792	0.819550	-0.572988
-0.907727	0.394669	0.142367
-0.849052	-0.312155	-0.426227
-0.796364	-0.597859	-0.091486
0.685536	-0.183081	-0.704643
-0.456858	0.381271	0.803688
0.533241	0.796332	-0.285500
0.921920	0.385975	0.032970
-0.846687	0.202651	0.491990
-0.562000	0.714667	-0.416421
-0.743624	0.466996	0.478476
-0.492362	-0.211366	0.844337
-0.741466	-0.645894	-0.181795
0.747217	0.163954	0.644039
-0.314816	-0.156838	0.936105
-0.908452	0.275179	-0.314631
-0.725352	-0.688200	-0.015633
-0.388688	0.543588	-0.743931
-0.587264	0.802034	0.108918
0.293204	-0.951189	0.096287
0.455915	0.232655	-0.859077
0.593601	0.516468	0.617170
-0.921817	-0.183146	-0.341631
-0.120923	-0.580679	-0.805102
-0.924368	0.349308	-0.153387
-0.426126	-0.904395	-0.022041
0.681627	0.299768	-0.667475
0.582019	-0.129171	0.802850
0.161900	0.974059	0.158103
-0.261869	0.676969	0.687850
0.559909	-0.226130	0.797100
-0.917454	-0.316981	-0.240418
0.293204	-0.941526	0.166015
-0.839362	-0.461194	0.287702
0.579603	-0.584991	0.567315
-0.184422	0.942378	-0.279127
-0.017322	0.046599	0.998763
0.422463	-0.800137	0.425799
-0.728369	-0.358132	0.584140
-0.973840	-0.197818	0.111822
0.171083	0.063205	0.983227
-0.066274	-0.001692	0.997800
0.792793	0.164817	0.586783
0.792281	0.256678	0.553541
0.531835	-0.832457	0.155455
0.223790	-0.791347	-0.568936
-0.857685	0.507244	0.084138
-0.620638	0.760529	-0.190796
0.724185	0.557768	0.405526
-0.598504	0.315593	0.736338
0.352058	-0.722470	0.595056
0.907572	0.311218	-0.281880
0.477287	-0.595286	-0.646399
0.497680	0.462578	-0.733714
-0.627672	-0.152456	0.763403
0.962172	0.213236	-0.169573
0.060890	-0.961060	0.269549
-0.247489	-0.968046	-0.040453
0.195768	-0.243988	-0.949813
-0.358919	-0.919527	-0.160150
0.907799	0.410665	0.085179
0.865945	-0.070765	0.495107
-0.548853	-0.543145	-0.635416
-0.963855	-0.045236	-0.262557
0.225528	-0.159168	-0.961147
-0.954328	0.134674	-0.266685
0.856728	-0.067977	0.511269
-0.354035	-0.491061	-0.795939
0.078921	0.220792	-0.972123
-0.169430	-0.971268	-0.167130
0.936307	-0.019887	-0.350619
0.672693	-0.260843	0.692420
0.219999	-0.916641	0.333721
0.398907	-0.867455	0.297314
0.075132	-0.992355	-0.097912
0.207113	-0.682633	0.700797
0.834948	0.185972	-0.517954
0.855740	-0.463506	-0.229938
-0.160990	-0.804902	0.571153
0.550776	-0.611297	0.568298
-0.075648	0.177571	0.981196
0.413979	0.327649	-0.849275
-0.686351	-0.017120	-0.727069
0.476795	0.556838	0.680145
-0.854605	-0.093080	0.510868
0.250036	0.965951	0.066493
0.067717	-0.727018	-0.683271
0.755621	0.389699	0.526472
0.513390	0.132237	-0.847906
-0.367945	0.800952	0.472326
0.715295	-0.657333	0.237206
-0.040173	0.361929	-0.931340
0.966886	-0.225724	-0.119076
-0.044554	0.831304	-0.554030
0.771373	-0.594654	0.226650
0.921703	0.256014	-0.291411
-0.051880	-0.991574	0.118697
-0.438525	-0.774161	-0.456476
0.148325	-0.481988	-0.863532
0.907617	-0.350590	0.230906
0.387012	0.578345	-0.718149
-0.271746	-0.962017	-0.026012
0.250753	0.048553	-0.966833
0.862776	0.350200	-0.364662
0.600738	-0.681658	0.417679
-0.428157	-0.290779	0.855646
0.123903	-0.918695	-0.375030
0.747941	-0.658631	0.082403
0.787135	-0.350761	0.507331
-0.940624	-0.140669	0.308931
-0.976224	0.145118	0.161021
0.059962	-0.780941	0.621720
0.452837	0.457878	0.765040
0.115037	0.162608	0.979962
-0.428601	0.650390	-0.627132
0.117234	0.167926	0.978804
-0.618117	-0.037583	-0.785187
-0.016900	-0.997440	-0.069478
-0.731109	-0.596056	0.331960
0.073915	0.375793	0.923751
-0.467383	0.375656	0.800272
0.819359	-0.287340	-0.496071
-0.838492	0.333577	0.430879
0.294298	0.625239	-0.722817
0.353074	-0.441783	0.824722
-0.691381	0.557458	-0.459601
-0.632209	0.018680	-0.774572
0.206840	-0.850869	0.482949
0.448927	-0.063716	-0.891294
-0.132051	0.277022	0.951746
0.646261	0.617499	-0.448377
-0.625134	0.186010	-0.758029
0.112296	-0.730873	-0.673211
-0.384486	0.608186	0.694464
0.532622	-0.832389	0.153110
0.534089	-0.143121	-0.833226
-0.141811	-0.917228	-0.372268
-0.729939	-0.660821	0.174653
0.885375	-0.257660	-0.386939
-0.854895	-0.518783	-0.004358
-0.374803	0.333832	0.864915
-0.201522	0.943844	0.261816
-0.570726	-0.613958	0.545278
0.248727	0.938587	-0.239142
-0.833141	-0.388729	0.393403
0.575237	-0.795241	0.191558
0.137874	0.990429	0.006381
0.404984	0.314369	-0.858580
-0.655850	0.754527	0.023446
-0.778543	-0.626733	0.032806
-0.219717	0.959134	0.178286
0.887568	-0.128555	-0.442375
-0.547858	-0.676494	0.492146
0.808611	0.245629	-0.534617
-0.104129	0.452050	0.885894
0.326415	-0.913530	0.242727
0.755371	0.654465	0.033017
0.633039	-0.772278	0.053373
-0.700998	-0.711749	0.044893
-0.300633	0.687199	0.661345
-0.097464	0.599396	-0.794497
-0.247142	0.160607	-0.955576
0.877014	-0.113136	-0.466954
0.277220	-0.960257	0.032506
-0.843544	-0.487417	-0.225520
-0.757168	-0.175376	0.629237
-0.057104	-0.993367	0.099801
0.830525	-0.320092	0.455817
-0.009169	0.558163	0.829681
0.003789	0.670014	0.742339
-0.666298	-0.741447	0.079386
-0.177491	0.615978	0.767508
-0.977374	-0.025649	0.209956
-0.335667	0.597004	0.728638
0.433493	-0.846849	-0.308107
-0.507177	0.218207	0.833761
-0.169109	-0.789414	0.590108
0.477941	0.872567	-0.100989
-0.427860	0.787689	0.443263
0.064149	0.884808	0.461519
0.646219	0.269365	0.714033
-0.450560	0.687764	-0.569189
-0.952405	-0.301268	-0.046503
0.568276	0.546809	-0.614868
0.836619	-0.056589	0.544854
0.804908	-0.304296	-0.509439
0.721653	-0.540866	-0.432065
-0.900275	0.331124	-0.282599
-0.481277	-0.011974	-0.876487
-0.286297	-0.652587	-0.701545
0.730443	-0.123966	-0.671629
-0.064375	-0.908344	0.413239
-0.225514	-0.277379	0.933919
0.689272	0.500315	0.524012
0.439677	0.835334	-0.330003
0.897368	0.434640	-0.076288
0.530150	-0.839143	-0.121575
0.593053	0.664465	-0.454725
-0.410479	-0.661145	-0.628008
-0.175862	-0.556055	-0.812327
-0.392176	-0.748534	-0.534692
-0.224832	-0.680870	0.697042
0.162463	0.616643	-0.770297
-0.457470	-0.622059	0.635424
-0.353717	-0.200118	-0.913694
-0.849424	-0.489230	0.197821
0.164516	0.814532	-0.556302
-0.871133	0.051025	0.488388
-0.411722	-0.197137	0.889731
0.456113	0.674068	0.581027
-0.940442	0.078254	-0.330826
0.352337	0.578265	-0.735845
0.948604	-0.306960	0.076982
-0.095393	0.283351	-0.954260
-0.119442	-0.987937	-0.098565
0.623759	-0.179802	-0.760655
-0.445231	0.206704	0.871230
-0.077343	-0.995848	-0.048013
-0.554207	-0.604189	-0.572548
-0.820307	0.309249	0.481104
0.648046	0.760248	0.045378
-0.594982	0.364011	0.716584
-0.052194	-0.725932	-0.685783
0.113114	-0.080469	-0.990318
-0.139169	-0.788978	-0.598453
-0.111944	0.991295	0.069297
-0.452701	-0.753804	-0.476278
0.664205	-0.679954	0.310635
0.235308	0.823159	-0.516758
0.281032	-0.832478	0.477496
-0.207807	0.029572	-0.977723
0.848010	0.306258	-0.432532
-0.501568	-0.603403	-0.619947
0.859420	-0.502692	0.093263
0.177774	-0.849512	0.496714
-0.854019	-0.420524	0.306286
0.309524	-0.063464	-0.948771
0.092203	0.985990	0.139002
-0.972056	-0.229056	0.051378
0.613480	0.766735	0.189105
-0.841695	-0.325092	-0.431120
0.929839	-0.155132	0.333666
-0.162695	-0.070328	0.984167
0.077265	0.996938	-0.012046
-0.255173	0.603208	0.755663
-0.704347	-0.196340	0.682163
-0.229933	-0.661873	-0.713481
-0.335913	-0.645732	-0.685706
-0.225625	-0.345268	0.910979
0.413373	0.910125	0.028199
0.804986	0.096496	0.585394
-0.953157	0.005418	0.302429
0.194860	-0.198940	0.960444
-0.503768	-0.829063	-0.242637
0.487108	-0.558178	0.671687
0.456598	-0.887848	0.056961
0.451915	-0.872293	-0.186756
-0.539853	-0.391860	-0.744986
-0.986355	-0.109277	-0.123136
0.808944	-0.495197	0.316842
-0.238322	-0.819899	-0.520547
0.329972	-0.047333	0.942803
0.195094	-0.388588	-0.900521
-0.575257	0.667668	-0.472546
0.869013	0.035416	-0.493519
0.102486	0.963693	0.246562
0.746912	0.258288	-0.612707
0.835005	0.521539	-0.175397
-0.776554	0.276794	-0.565994
0.142226	0.371365	-0.917529
0.214901	0.902575	-0.373063
-0.131427	0.032512	0.990793
-0.278862	0.730590	0.623277
-0.723348	0.256798	0.640954
0.750815	0.132193	0.647149
0.786221	0.124039	-0.605368
0.819563	-0.499855	-0.280110
-0.934820	-0.345461	0.082267
-0.149642	0.723853	-0.673531
-0.453683	-0.789449	0.413451
0.000331	-0.597933	-0.801546
-0.294690	0.581202	-0.758526
-0.824567	-0.452421	-0.339712
0.749352	0.662172	0.000932
0.038363	-0.752653	0.657299
0.808537	-0.114108	0.577276
-0.371804	-0.067931	-0.925823
0.758963	-0.646069	-0.081054
-0.107176	0.924797	0.365052
0.272264	0.589139	0.760781
-0.874834	-0.188587	-0.446207
0.839451	0.475836	0.262492
0.539148	0.477445	-0.693806
0.751153	-0.657060	-0.063570
0.138499	0.834695	-0.533013
-0.667013	-0.620446	0.412481
0.401942	-0.524911	0.750274
0.078072	-0.135172	-0.987742
0.239597	0.455656	-0.857305
0.382292	0.905421	0.184571
0.573872	0.460420	-0.677263
0.794433	-0.114892	0.596386
-0.831803	-0.204067	0.516199
-0.694910	0.574368	-0.432668
-0.712928	-0.584762	0.387023
-0.550041	-0.819450	-0.161112
-0.920259	0.142353	0.364498
0.498078	-0.653517	0.569942
0.300294	0.852252	0.428357
-0.913533	-0.058328	-0.402562
0.251418	0.341429	0.905657
0.226069	0.752586	-0.618471
0.001599	-0.650796	-0.759251
-0.710035	0.170166	-0.683296
0.514378	-0.458778	-0.724526
-0.101283	0.833896	0.542549
0.812439	-0.054758	-0.580470
0.085222	0.669038	-0.738326
-0.586641	-0.538933	0.604486
-0.703089	0.584017	0.405697
-0.054907	0.998212	-0.023626
0.429902	-0.666591	0.608966
0.776983	-0.628045	-0.043094
-0.643102	0.376669	-0.666739
-0.956939	-0.154887	0.245517
-0.763858	0.491225	0.418591
-0.059424	0.767088	0.638784
-0.130351	-0.738307	0.661749
-0.919581	0.377376	0.109357
-0.453102	0.850343	0.267611
0.204302	-0.293518	-0.933867
0.722448	0.675491	0.147586
-0.273588	-0.530057	-0.802614
-0.577127	-0.713488	0.397315
-0.227210	-0.883481	-0.409680
-0.042148	-0.939556	-0.339792
0.957909	-0.275970	-0.079061
-0.894247	0.262203	-0.362729
-0.574564	0.807094	0.135926
-0.477697	-0.168598	-0.862195
-0.476803	0.700647	-0.530804
-0.367915	-0.114053	-0.922838
-0.422447	0.685164	0.593370
-0.234308	0.865015	0.443677
0.515468	-0.817226	0.257750
0.391833	0.835639	0.384934
0.733371	0.526691	0.429841
-0.679113	-0.094697	-0.727899
-0.460199	0.685790	-0.563834
0.314502	0.166140	0.934605
0.778533	0.555329	-0.292396
-0.453129	-0.149243	0.878863
-0.833933	0.452770	-0.315524
0.789583	-0.048765	0.611703
0.742978	-0.658994	0.117092
0.189563	-0.767691	0.612141
0.650792	-0.416111	-0.635076
-0.156442	-0.227370	-0.961160
-0.498103	-0.269980	0.824017
0.549296	0.432243	-0.715150
-0.259738	0.965486	-0.019312
-0.249084	0.712778	-0.655672
-0.942413	0.038180	-0.332265
0.862930	-0.472071	0.180281
0.966299	-0.201269	0.160490
0.794434	0.589943	-0.144368
-0.400666	0.914010	-0.063667
-0.377702	0.094610	0.921081
-0.764161	0.569857	-0.302194
0.938398	0.345056	0.018593
0.949945	0.254286	-0.181505
0.229631	-0.853761	-0.467292
-0.652980	-0.683215	0.326856
-0.106550	0.898903	-0.424994
0.768039	0.605432	-0.208731
0.968025	-0.246949	0.044092
0.811345	-0.259048	0.524035
-0.943603	0.319888	-0.085357
-0.444588	-0.055252	0.894030
0.930840	-0.345917	0.117809
