0.451955	0.868132	-0.205143
-0.637256	0.617225	-0.461453
0.298607	-0.809615	0.505330
0.498397	-0.131046	-0.856987
0.493217	0.778539	0.388090
-0.369171	-0.909603	0.190617
0.866524	-0.224053	0.446023
0.125801	-0.665463	-0.735754
0.361681	0.618854	0.697285
-0.458114	0.771777	-0.441011
-0.990639	-0.101616	0.091157
0.613685	0.126900	0.779286
0.221416	-0.739159	0.636097
0.231603	0.506051	0.830827
0.059299	-0.720398	0.691022
-0.391698	-0.759646	0.519144
-0.285424	-0.929431	0.233860
0.425852	-0.191434	-0.884309
0.036021	-0.084686	0.995756
-0.540997	0.818129	-0.194903
0.889026	-0.015401	0.457598
-0.799426	0.547615	-0.247054
-0.080868	-0.914952	0.395377
0.660156	-0.729499	0.178956
0.955318	0.244998	-0.165357
0.698768	0.705332	0.119289
0.821236	0.224652	-0.524503
-0.177612	0.867388	-0.464856
-0.504723	-0.035532	-0.862550
-0.011151	0.370315	0.928839
-0.338695	-0.257231	0.905051
-0.456907	0.133312	0.879468
-0.844566	0.004761	-0.535430
0.877044	0.140485	-0.459409
0.537387	0.533393	0.653229
-0.206581	-0.821884	-0.530878
-0.045280	0.505211	-0.861807
-0.893756	-0.379609	0.238950
0.512100	-0.044795	-0.857757
0.605367	0.191127	0.772659
-0.405293	-0.835586	0.370856
0.907205	-0.265642	-0.326210
-0.551815	-0.763298	-0.335971
0.302438	-0.326572	-0.895478
-0.397988	-0.612782	0.682718
0.747157	-0.266211	0.609005
0.608647	-0.701125	-0.371446
0.928002	-0.211197	0.306932
0.050827	-0.580076	0.812975
0.388144	-0.513127	0.765536
-0.876468	0.115011	-0.467522
0.384694	0.123787	-0.914706
0.422239	0.163472	-0.891623
-0.338385	0.579248	0.741598
-0.255866	0.935061	0.245342
0.155575	0.507815	0.847302
0.705714	0.071602	0.704869
-0.724138	-0.015534	0.689480
-0.375388	-0.569175	0.731522
-0.409775	0.462565	0.786205
0.434701	-0.899500	0.043972
0.345865	0.936106	0.063893
0.311507	-0.059187	0.948399
0.282942	0.479096	0.830910
0.999769	-0.009554	0.019230
-0.638915	-0.626891	-0.445864
0.124003	0.470312	-0.873745
0.847690	0.022857	-0.529999
-0.097017	-0.991887	-0.082143
0.022044	0.605029	-0.795898
0.221608	0.814538	-0.536114
-0.158978	0.102930	0.981902
0.237597	-0.240649	-0.941082
-0.704794	0.438286	0.557827
0.237203	0.806483	-0.541591
0.993185	-0.027425	0.113279
0.893671	-0.391804	-0.218729
-0.694686	-0.028137	-0.718763
-0.433651	0.432520	0.790489
-0.010512	0.808010	-0.589075
0.071258	-0.678039	-0.731564
-0.353291	0.232601	-0.906136
-0.551816	0.832685	0.046196
0.569119	-0.380386	0.728979
0.052984	-0.076126	0.995690
-0.957103	0.085955	0.276706
0.769728	0.451134	-0.451660
0.075932	0.989933	-0.119445
0.906754	0.122806	-0.403379
0.396743	0.672160	-0.625136
-0.581604	-0.375164	-0.721795
-0.044549	0.087266	-0.995188
0.476032	0.876106	-0.076365
-0.583631	0.785258	0.206746
0.499617	0.482063	0.719721
-0.512855	-0.779735	-0.359157
0.225522	0.948793	0.221206
0.734627	0.628360	0.255905
0.540671	0.504711	0.673009
-0.678244	0.358362	-0.641531
-0.039775	-0.742026	0.669190
-0.543136	-0.358785	0.759129
-0.966895	0.254526	0.018186
-0.793739	0.425876	0.434290
0.375263	-0.764670	-0.523886
-0.360079	-0.755855	-0.546833
-0.141143	-0.623475	-0.768997
0.424153	0.295858	-0.855899
-0.153181	-0.435170	-0.887222
0.629320	0.307984	0.713514
0.269791	-0.948055	0.168537
0.192311	-0.278265	0.941055
0.136479	0.166022	-0.976632
-0.846181	0.502809	0.176522
-0.287221	0.746410	0.600314
0.060125	0.953265	-0.296092
-0.303894	-0.739524	0.600627
-0.251962	-0.875064	0.413252
-0.560904	0.662712	0.496186
0.656559	-0.739645	0.147837
-0.531253	0.621705	0.575546
0.978889	0.021784	-0.203228
0.970422	0.238983	0.034172
-0.598894	-0.040957	0.799780
0.922814	-0.365465	0.121860
0.866214	-0.486811	0.112644
0.789057	0.183373	-0.586314
-0.465122	-0.885001	-0.020827
0.740362	-0.670028	-0.054098
0.651869	0.753828	-0.082519
0.247314	-0.968892	0.009208
0.936645	0.276416	-0.215150
0.659738	-0.730725	0.175464
0.792028	0.266622	-0.549185
0.174458	-0.849175	0.498464
-0.412544	-0.758810	0.503999
0.937064	0.281780	-0.206180
0.667897	0.391947	0.632686
0.646807	-0.255804	-0.718474
-0.624802	-0.609231	-0.488324
-0.285489	0.843414	0.455137
0.084062	0.748629	0.657638
0.479366	0.504738	0.717947
0.746369	0.547010	0.379095
0.586290	-0.297803	-0.753377
0.951755	0.302202	-0.053251
-0.189354	0.120927	0.974434
0.452714	0.302101	0.838919
-0.964715	0.160702	-0.208567
0.420685	-0.907117	-0.012731
0.792943	-0.429212	0.432457
-0.711278	-0.370587	0.597285
-0.618912	0.310224	0.721601
-0.869744	0.117456	-0.479322
0.595597	-0.801043	-0.059950
-0.264076	-0.743957	-0.613834
0.747591	-0.196585	0.634399
0.222288	0.693782	0.685022
-0.586513	-0.665200	0.462073
0.445929	0.548290	-0.707478
-0.151410	-0.982204	0.111134
-0.309858	0.278450	-0.909095
-0.633913	0.168089	-0.754917
-0.557470	0.128643	-0.820169
-0.139479	-0.963347	-0.229148
0.943724	0.028139	0.329534
0.808125	0.009673	0.588931
0.885014	-0.248044	-0.393986
-0.299901	-0.851149	0.430820
0.555131	0.221845	-0.801632
-0.442117	0.225066	-0.868262
0.628350	0.073099	0.774489
0.708670	0.042575	-0.704254
-0.939004	-0.333058	0.085703
-0.527921	0.306162	-0.792190
0.467355	-0.341187	0.815580
-0.921445	0.126534	-0.367326
-0.680650	-0.270556	0.680819
0.030628	0.139103	-0.989804
0.540089	-0.437394	0.719020
-0.321245	0.346935	0.881157
-0.634260	0.683691	-0.360945
0.259038	-0.809593	0.526744
0.353581	0.462311	0.813172
-0.792590	0.487137	-0.366741
0.414413	0.120978	-0.902012
-0.075619	-0.714289	0.695754
-0.501564	0.627033	-0.596040
-0.077565	0.135197	-0.987778
0.747440	-0.546026	-0.378404
-0.601658	-0.757688	-0.252819
0.610282	-0.513903	0.602876
-0.613858	0.787014	-0.061541
-0.979860	0.152922	-0.128410
0.976874	0.208863	0.045763
-0.608853	0.712450	-0.348874
-0.641943	0.666492	0.379074
-0.649104	0.617307	-0.444518
-0.802818	-0.335543	0.492843
0.217441	-0.967504	0.129056
0.717362	-0.662718	-0.214934
0.449447	0.535422	-0.715067
0.480480	-0.186534	-0.856939
-0.324205	0.570804	-0.754370
-0.221247	0.888612	-0.401769
-0.687581	-0.639940	0.343089
0.736180	0.624910	0.259858
0.407060	0.870953	-0.275215
-0.244738	0.291935	0.924596
0.530658	0.466243	0.707827
-0.254127	0.536910	-0.804454
0.998403	-0.042338	-0.037390
-0.588283	0.800492	-0.114612
-0.447133	0.893737	0.036144
0.830367	-0.476316	-0.289159
0.216304	0.550460	-0.806354
0.225680	0.552695	-0.802245
-0.468344	0.795424	-0.384649
0.158659	0.641712	0.750355
0.060068	-0.064016	-0.996139
-0.660101	-0.401393	-0.634941
-0.667269	-0.647602	-0.367920
0.883532	-0.211930	0.417680
-0.468163	-0.269905	-0.841412
-0.021403	-0.946555	-0.321831
0.944059	-0.139376	0.298877
-0.546308	-0.738028	-0.396058
0.685223	0.198999	-0.700621
-0.406903	-0.522665	-0.749167
0.763250	-0.630148	0.142699
0.279374	0.635292	0.719968
-0.671612	0.553006	-0.493074
0.454773	0.217221	0.863711
-0.942302	-0.198511	-0.269557
0.324480	0.915607	0.237437
0.618541	0.614506	-0.489683
-0.763577	0.181668	-0.619634
0.332481	-0.926979	-0.173684
-0.105638	0.661365	0.742588
0.267996	0.396288	0.878142
-0.983109	0.068824	0.169585
0.587835	-0.487953	-0.645253
0.761813	0.008390	0.647742
-0.691228	-0.293304	-0.660436
-0.260125	-0.846048	0.465336
-0.378750	-0.247232	-0.891866
-0.589592	0.488757	0.643038
0.304897	-0.118345	0.945004
0.880822	-0.331352	0.338170
0.253978	0.317490	-0.913616
-0.856522	0.363744	0.366142
-0.850783	-0.510520	0.124649
0.942753	-0.333419	0.006958
-0.078574	0.992455	-0.094124
0.433870	0.604140	0.668410
-0.618853	0.763154	0.186059
0.992763	0.116350	0.029740
0.892679	-0.447564	0.053013
-0.794207	-0.509439	-0.331222
0.833213	-0.546447	0.084565
0.369634	-0.693371	0.618553
0.263630	0.771004	0.579700
-0.059774	-0.101243	0.993064
-0.236952	0.801038	-0.549720
-0.183971	0.722086	0.666893
-0.904556	-0.249876	0.345457
0.437711	0.848899	-0.296276
-0.120108	0.951733	-0.282449
0.187285	-0.783631	-0.592323
-0.288079	-0.905015	0.312982
0.052816	-0.075001	-0.995784
-0.152244	-0.107663	-0.982461
0.906267	0.421441	-0.032672
-0.003312	-0.331904	-0.943307
0.812734	-0.559357	0.163042
-0.073830	-0.522789	-0.849259
0.132060	-0.990327	0.042581
-0.087801	-0.996010	0.015965
-0.368587	-0.402096	-0.838130
-0.941280	0.301615	-0.151726
-0.658077	0.661742	-0.359211
0.571541	0.663124	0.483329
-0.632269	-0.761540	0.142455
0.774317	-0.622441	-0.114017
0.252971	0.725055	0.640547
0.850966	0.281650	0.443316
-0.592842	-0.602336	0.534537
-0.440384	-0.806184	-0.395132
0.649351	0.344683	0.677892
-0.062729	0.053749	-0.996582
-0.236030	0.309687	0.921077
-0.739013	-0.660442	-0.132947
-0.599808	0.798737	0.047420
-0.905780	-0.394646	-0.154329
0.268691	0.928217	-0.257328
0.661838	0.171049	-0.729872
-0.806372	0.150288	-0.571995
-0.428184	0.793823	0.431861
-0.461037	-0.782620	0.418272
0.604856	0.765775	0.218491
0.855751	0.036741	-0.516081
-0.232022	0.433133	-0.870954
-0.660398	-0.750907	0.003506
0.956372	0.277148	-0.092420
-0.503256	0.161400	-0.848931
-0.765035	0.366776	-0.529336
0.719524	-0.161776	0.675362
0.494392	0.142145	-0.857538
0.838647	-0.514665	0.178298
-0.333078	0.493110	-0.803680
-0.713175	0.645877	0.272439
0.547527	0.833319	0.076124
-0.540788	0.189662	-0.819498
0.964952	0.072433	-0.252231
0.973392	-0.197516	0.116173
-0.302940	-0.532003	0.790696
0.509974	-0.576571	0.638351
-0.477977	-0.423774	0.769385
0.574360	-0.026210	-0.818183
-0.890400	-0.308035	0.335116
0.854956	-0.467659	-0.224377
0.144392	-0.573466	-0.806404
0.006375	-0.199354	0.979907
0.833169	-0.135928	0.536053
-0.157131	0.149369	0.976217
-0.065714	-0.935464	0.347260
-0.106330	-0.010305	0.994277
-0.881775	0.170624	-0.439727
0.142259	0.907009	0.396355
-0.611810	0.153236	-0.776020
-0.130825	-0.655197	0.744044
-0.125946	-0.526502	-0.840793
-0.889948	0.423572	-0.169054
-0.134729	0.041232	-0.990024
-0.058155	-0.685128	0.726097
0.129244	-0.986438	-0.101174
-0.623001	-0.738920	0.256646
-0.527930	0.505093	0.682767
0.188571	-0.815233	0.547573
0.809258	-0.502874	-0.303675
0.865057	0.186239	0.465823
-0.678384	0.131604	-0.722825
0.016593	-0.343036	-0.939176
0.397328	-0.156636	0.904210
0.051662	-0.756050	-0.652471
-0.788916	-0.601328	0.126555
0.649980	0.759906	0.008329
-0.356512	-0.933999	-0.023338
0.206042	0.432750	0.877653
-0.070538	-0.253126	-0.964858
-0.583073	-0.426044	-0.691746
-0.382996	-0.771593	0.507896
0.512641	-0.648208	-0.563050
-0.831058	-0.269410	0.486581
0.973837	0.151611	-0.169279
0.706488	0.704628	-0.066137
0.962873	0.267994	-0.032462
0.569416	-0.728629	0.380611
-0.863423	-0.029245	-0.503632
0.563077	0.322661	-0.760812
-0.287939	-0.901821	0.322196
-0.916417	-0.147534	0.372039
-0.594928	0.229124	0.770431
-0.092599	-0.576963	-0.811504
0.839061	-0.033724	-0.542991
-0.392836	-0.897282	0.201408
-0.106693	0.929091	-0.354128
-0.471950	0.367363	-0.801441
-0.582880	0.663449	-0.469133
0.713313	-0.656438	-0.245508
0.493126	0.315354	0.810789
-0.256550	0.966507	0.006819
-0.206816	-0.468294	-0.859027
0.189661	-0.764901	0.615593
-0.938753	-0.286066	-0.192117
0.597583	-0.717249	-0.358398
0.650307	-0.759552	0.013480
-0.640378	-0.666322	0.382010
0.241943	0.852263	-0.463800
0.126851	0.714333	-0.688213
-0.756873	-0.163887	0.632680
0.939988	0.339451	0.034578
0.598624	0.795167	0.096746
-0.508977	0.662911	-0.549083
0.067834	-0.687537	0.722974
-0.658696	-0.750045	-0.059596
-0.905630	0.367579	-0.211472
0.161335	0.037277	0.986195
-0.057415	0.266671	-0.962076
0.727957	-0.350520	-0.589250
-0.530239	-0.168108	-0.831015
-0.383750	-0.171592	0.907354
0.021186	0.538209	0.842545
0.359351	-0.218693	-0.907216
0.157856	0.532185	-0.831782
0.253399	0.694507	-0.673386
-0.043852	0.822052	0.567722
0.763701	0.085606	-0.639869
-0.539886	0.254859	-0.802228
0.842062	0.329865	0.426757
-0.909748	0.052049	0.411886
-0.911356	0.142209	0.386274
-0.573025	-0.818431	0.042578
0.551133	0.474636	0.686275
0.014428	0.380163	0.924807
-0.494673	-0.015298	0.868945
-0.563818	0.791377	0.236288
-0.186784	0.635321	-0.749319
0.833910	-0.059982	0.548632
0.982816	-0.108253	0.149516
-0.212148	-0.870729	0.443648
-0.230346	-0.681240	-0.694876
-0.548463	-0.727374	0.412451
-0.707133	0.634727	-0.311583
-0.565768	-0.480149	0.670346
-0.580493	0.435041	0.688308
0.065638	-0.940293	-0.333978
-0.021823	0.382315	-0.923774
-0.917572	-0.348208	0.191868
0.818123	0.201924	-0.538425
-0.122416	-0.973777	0.191763
-0.015768	0.780094	-0.625463
-0.915636	-0.242652	-0.320517
0.225833	0.051405	0.972809
-0.671855	-0.643932	0.366009
-0.869520	-0.207513	0.448188
0.195752	-0.459738	-0.866211
0.873162	0.426469	-0.236035
0.379782	-0.503873	0.775808
0.925139	-0.041292	-0.377377
-0.044516	-0.834114	-0.549793
-0.255662	-0.269752	0.928370
0.017119	0.998012	-0.060651
0.089863	0.853427	0.513407
0.554204	-0.711205	0.432488
-0.849248	0.289786	-0.441364
0.817578	0.101384	-0.566823
0.216726	-0.610651	-0.761667
-0.646651	0.696332	0.311391
-0.478129	-0.759182	-0.441627
-0.625878	0.590237	0.509802
-0.084806	0.933296	-0.348950
0.710485	0.357442	-0.606173
0.451344	-0.400934	-0.797208
0.307130	0.460773	0.832682
-0.896609	0.305110	0.320937
0.196210	0.930801	-0.308401
-0.513249	0.814842	0.269458
0.667118	0.278629	-0.690883
0.686833	-0.467906	0.556169
0.540151	-0.604526	0.585478
0.195722	0.757225	-0.623140
0.132945	0.523927	0.841324
0.195929	-0.363742	0.910661
-0.113593	0.601790	0.790535
0.740477	0.348709	0.574540
-0.747458	0.340809	0.570224
0.491233	0.182651	-0.851663
-0.217660	0.874948	-0.432540
0.128483	-0.965311	0.227304
-0.907503	-0.377932	0.183317
0.017004	-0.986340	-0.163844
-0.756315	0.414321	-0.506286
0.026096	-0.473735	-0.880281
0.647607	0.724691	-0.235432
0.707235	0.490280	-0.509357
-0.540024	0.797387	-0.269348
0.927102	0.370308	0.057915
-0.580991	0.542419	-0.606821
0.058824	0.876157	-0.478422
-0.644003	0.667541	-0.373695
0.582422	0.012599	-0.812789
-0.367108	0.174306	-0.913701
-0.256411	0.922887	-0.287286
-0.541902	0.096129	0.834926
-0.487130	-0.383452	0.784646
-0.408104	0.904618	0.122956
-0.751477	0.598790	-0.277006
-0.410578	0.787114	0.460302
-0.407720	0.848442	0.337508
-0.951203	-0.291996	-0.099757
0.929726	-0.356004	-0.094186
0.663825	0.689734	-0.289143
-0.142516	-0.920549	-0.363702
0.072239	0.244759	0.966889
-0.957807	-0.169359	0.232216
0.270082	-0.095206	-0.958119
-0.474136	-0.853171	-0.217474
0.504406	-0.858624	-0.091322
0.808170	0.029550	-0.588208
0.105405	-0.210892	-0.971810
-0.010379	0.937488	0.347864
0.888348	-0.233805	0.395187
-0.123179	0.416594	0.900709
-0.948168	0.304546	0.090716
0.370809	0.710865	0.597639
-0.668428	-0.718610	0.191844
0.552461	-0.395141	0.733928
0.752687	-0.532786	-0.386783
-0.331503	0.168867	-0.928219
-0.901103	0.343676	-0.264385
0.051636	0.323951	-0.944664
0.686049	0.705983	0.175856
-0.342776	-0.923697	0.171137
0.663712	-0.234314	-0.710340
-0.566302	-0.415236	0.711956
0.515793	0.102074	0.850611
-0.299770	-0.145691	-0.942821
0.865078	0.124845	-0.485853
0.710997	-0.653837	0.258804
0.019075	-0.985493	-0.168638
0.162490	-0.804104	-0.571851
-0.484731	-0.542779	0.685877
-0.788704	0.606009	0.103439
-0.600228	-0.577406	0.553470
-0.279345	0.680228	0.677685
-0.615606	-0.704257	0.353625
-0.334563	0.665308	0.667408
-0.499211	0.550330	-0.669273
0.507712	-0.134749	-0.850924
0.363104	0.622967	-0.692869
-0.918679	-0.243043	-0.311384
-0.052935	0.635225	0.770511
0.940855	0.246346	0.232605
-0.893805	0.426907	0.137343
-0.683871	0.389469	0.616956
0.647242	-0.698251	0.305817
0.022997	0.947230	-0.319728
-0.065505	0.084552	0.994264
0.850835	0.040657	0.523857
-0.421527	0.874491	0.239961
-0.328884	-0.573482	0.750303
0.258748	-0.965913	0.007868
0.991714	0.030771	-0.124722
0.725646	-0.305965	-0.616299
0.735986	-0.554220	-0.388800
-0.993548	0.040533	-0.105926
-0.744749	0.543651	-0.387031
-0.003458	-0.977947	0.208826
-0.623799	-0.440773	-0.645441
-0.830513	-0.506321	-0.232134
0.726407	-0.252714	-0.639116
-0.760896	0.547089	0.348900
0.846175	0.031863	0.531952
-0.462369	-0.825562	-0.323515
-0.898290	-0.076408	0.432709
0.502277	0.682334	0.531167
-0.499702	-0.693517	0.518972
-0.496173	0.613936	0.613917
0.501880	0.147031	0.852349
0.159737	-0.986427	0.038029
0.608560	0.340334	0.716818
0.162213	-0.241641	0.956711
0.854351	0.202656	-0.478555
0.039620	0.905700	-0.422064
-0.418716	-0.830148	-0.368145
0.468056	-0.601758	0.647156
0.954945	0.053592	0.291906
0.645506	-0.740185	0.188277
-0.084828	-0.618389	-0.781281
-0.882984	-0.317301	-0.345918
-0.376978	0.924108	0.062546
0.989169	0.064198	0.131998
-0.972313	-0.061757	-0.225375
-0.215546	0.752498	0.622324
-0.659390	0.196698	-0.725613
0.822423	-0.042642	-0.567277
0.175993	-0.937544	-0.300063
-0.061006	-0.953768	-0.294287
0.988481	0.070597	-0.133873
0.196564	-0.589330	-0.783615
0.655619	0.250304	0.712399
0.547552	0.830168	-0.104922
-0.680459	0.189779	0.707784
-0.737001	0.674944	-0.035764
-0.289299	-0.890180	0.351975
-0.272104	0.926553	0.259727
-0.310041	-0.928793	0.203024
0.884086	0.464278	0.053278
0.845402	-0.170999	0.506019
0.154136	0.085635	0.984332
0.966559	-0.193655	0.168111
-0.059353	-0.477870	-0.876423
0.337474	0.133077	0.931881
-0.021745	0.470132	-0.882328
-0.326226	0.945117	0.018208
-0.834007	0.539741	0.114507
-0.260625	-0.873930	-0.410268
-0.407717	0.578664	-0.706338
-0.784445	-0.516515	-0.343305
0.041776	0.822800	0.566794
0.833479	-0.441841	-0.331796
0.186552	0.167854	0.968000
0.443593	0.673951	0.590775
0.419050	-0.251778	0.872356
0.412874	-0.610892	0.675533
-0.385781	0.254467	-0.886803
0.126933	0.357805	0.925129
-0.708739	-0.231392	0.666444
0.947650	0.061014	-0.313428
-0.770936	-0.498832	0.396011
-0.231302	-0.651307	0.722703
-0.749616	-0.661433	0.024113
0.312496	-0.001570	-0.949918
0.085742	0.996078	-0.021818
-0.576039	-0.814156	-0.073005
0.253586	-0.261990	-0.931158
-0.609817	-0.630118	0.480703
0.032601	0.952375	0.303182
0.076669	0.741954	0.666052
-0.644914	-0.722357	-0.249573
0.916620	-0.305403	0.257947
0.702734	0.535430	-0.468488
0.929795	-0.305979	-0.204593
0.593903	0.794385	-0.127402
0.010148	-0.369101	0.929334
-0.706359	-0.623992	-0.334202
-0.333775	0.885221	-0.324003
-0.325964	0.509155	-0.796560
-0.410178	0.821481	-0.396136
0.208168	0.498241	0.841678
-0.805578	-0.312362	0.503463
-0.694200	-0.420141	0.584438
-0.644056	-0.715257	-0.271291
-0.491370	-0.052685	0.869356
-0.955907	0.074205	0.284138
-0.821423	0.168615	0.544824
0.772449	0.633133	-0.049641
0.675051	0.735796	0.053944
-0.219163	-0.961307	0.166900
0.666729	0.735583	0.119960
-0.971794	-0.230652	-0.049154
0.582996	-0.623484	0.520945
0.388512	0.254948	-0.885471
0.967142	-0.051737	0.248916
-0.061034	-0.504028	-0.861528
0.031002	0.164552	-0.985881
0.872946	0.376289	-0.310439
-0.624060	-0.048314	-0.779881
-0.379809	-0.261499	-0.887335
-0.386144	-0.810514	-0.440409
-0.276372	-0.575237	-0.769884
-0.452470	-0.102522	-0.885867
-0.265053	-0.154050	0.951848
-0.808764	0.166343	0.564119
-0.382213	-0.063719	-0.921875
0.399021	-0.916426	0.030743
-0.962112	0.215413	0.167144
-0.022031	-0.068515	0.997407
-0.443226	-0.856039	0.265985
0.240270	0.953668	0.181073
-0.737054	-0.675205	-0.029140
-0.170641	0.968289	0.182476
-0.403157	-0.496193	-0.768933
-0.426858	0.903956	-0.025611
-0.182480	0.970032	0.160435
0.199792	-0.716007	-0.668892
-0.265356	0.019412	0.963955
-0.421475	-0.786375	-0.451634
0.485794	0.874073	0.000379
-0.834106	-0.151389	-0.530423
0.190627	0.520553	0.832277
0.962413	-0.226099	-0.150467
0.054976	0.984709	0.165306
-0.784101	0.618458	0.051928
-0.488323	-0.522484	0.698964
-0.056342	0.537318	-0.841495
0.210595	-0.559253	-0.801802
0.565523	0.165655	0.807925
0.779249	-0.416354	-0.468423
0.053182	-0.538272	-0.841092
0.695427	-0.336021	-0.635194
-0.217367	0.966375	-0.137370
0.688874	0.305112	-0.657540
0.007537	0.878447	-0.477780
-0.496039	0.259460	-0.828629
0.426863	0.900755	0.080179
0.700164	0.327036	-0.634679
0.882089	-0.260446	-0.392540
0.785550	0.568236	0.244987
-0.070119	0.953719	-0.292411
0.401067	0.612428	0.681232
-0.057371	0.136588	0.988965
-0.235283	-0.966073	0.106517
0.996747	0.021187	-0.077759
-0.125406	0.700686	-0.702362
-0.035961	-0.906762	0.420106
-0.572019	-0.079097	-0.816418
0.423689	0.326250	0.845014
0.623023	-0.777115	0.089074
-0.277966	0.959697	0.041428
-0.176533	0.711343	0.680314
0.996168	-0.086519	0.012801
-0.743761	-0.550906	-0.378578
0.874731	0.216763	0.433427
-0.788244	-0.344967	-0.509578
-0.103954	-0.775545	-0.622674
0.892092	-0.132124	0.432106
0.832575	-0.501485	0.235227
0.863485	-0.367244	0.345724
-0.698497	0.715611	-0.001484
0.180024	0.781020	-0.597995
-0.265824	0.064299	0.961875
0.584566	-0.808447	0.068521
-0.408749	0.700875	0.584549
0.766212	-0.296535	-0.570075
0.337572	0.872668	-0.352839
0.125658	-0.334239	-0.934074
-0.012267	-0.969964	-0.242938
0.100271	-0.946252	-0.307495
-0.908295	0.211296	0.361047
-0.568367	0.598118	-0.564990
0.077954	-0.313795	0.946285
0.784799	0.080118	0.614550
0.549276	-0.181423	0.815709
-0.529635	-0.610113	-0.589279
0.376326	-0.584966	-0.718466
0.086550	0.624811	-0.775964
-0.638273	-0.644626	0.420790
-0.585183	-0.449809	0.674709
0.123894	0.750246	-0.649446
-0.113068	0.182119	0.976754
-0.409308	-0.241579	0.879833
0.350783	-0.935214	0.048237
0.812699	-0.553907	-0.180854
0.989462	-0.001160	0.144791
0.336035	-0.909411	-0.245054
-0.509623	-0.557058	0.655722
-0.235050	0.269562	0.933856
-0.150036	0.081335	-0.985329
-0.021696	-0.787389	-0.616075
-0.900381	0.294097	-0.320657
-0.260871	0.937672	0.229601
-0.992005	-0.061001	-0.110474
-0.277147	0.776431	0.565990
-0.131801	-0.800949	0.584046
-0.931344	0.284864	0.226827
-0.270327	0.933179	0.236855
0.104034	0.865207	-0.490503
0.203754	0.222147	-0.953486
0.186609	0.658608	0.728981
-0.734492	-0.081198	-0.673742
0.596435	-0.650156	0.470704
0.877809	0.444634	0.178189
-0.405819	-0.860042	0.309254
0.514345	-0.128824	-0.847853
-0.779871	-0.017620	-0.625692
0.463459	-0.483898	0.742326
-0.003870	-0.126072	-0.992014
-0.135264	-0.983885	0.116938
-0.280206	0.891891	-0.354987
-0.056813	0.989786	-0.130748
0.592272	-0.217351	0.775869
0.530973	-0.006271	0.847366
-0.511882	-0.088061	-0.854531
-0.437754	-0.584216	0.683420
0.588929	-0.666739	0.456751
0.939411	-0.049039	-0.339266
-0.050842	-0.881702	-0.469059
0.199967	-0.781775	0.590628
0.658249	0.633533	0.406626
0.016471	0.452056	-0.891838
-0.122376	-0.159520	-0.979580
-0.245242	0.506384	0.826699
-0.385293	-0.041021	0.921882
0.089907	0.797488	0.596598
-0.242720	-0.686718	-0.685204
-0.490412	-0.163250	0.856064
-0.727918	-0.526559	0.439171
-0.824985	0.314424	0.469615
0.193302	-0.537859	0.820574
-0.088831	0.476392	-0.874734
0.226371	0.649051	-0.726284
-0.376012	0.889435	0.259846
-0.103210	-0.975444	-0.194570
0.484093	-0.723691	-0.491859
0.409284	-0.674840	0.614067
-0.754036	-0.496128	-0.430450
-0.246548	0.957466	-0.149912
-0.703196	0.699891	0.125173
0.023294	0.972680	0.230978
-0.772527	0.574002	0.271522
-0.271826	-0.787101	0.553699
-0.918263	-0.267045	0.292369
-0.736805	-0.405481	-0.541020
0.271294	0.093153	-0.957978
-0.148852	-0.988844	0.005492
-0.680588	0.678853	0.275605
0.600998	0.787382	-0.137228
0.112043	0.984100	0.137817
-0.571555	-0.007489	-0.820529
0.468151	-0.873121	0.135994
-0.624054	0.179098	-0.760579
0.609661	0.631867	-0.478600
0.273091	-0.840437	0.468067
-0.543524	-0.226098	0.808369
0.596816	0.761830	-0.251844
0.441922	0.183524	-0.878080
0.555009	0.590122	-0.586277
-0.504173	0.619577	0.601609
0.261641	0.944329	-0.199466
-0.322643	0.281061	0.903829
0.169656	0.675489	-0.717587
-0.377645	0.757232	0.532901
0.099143	0.744306	0.660439
-0.826719	0.391828	0.403742
-0.848715	0.293646	0.439834
0.858655	-0.511625	-0.030843
0.251654	-0.105919	0.962004
-0.888292	-0.412036	-0.202886
0.011646	-0.748826	0.662665
0.354746	0.438283	-0.825871
0.674599	0.074298	-0.734436
-0.698345	0.640765	0.318959
-0.494429	-0.791131	-0.360071
0.629848	0.565242	0.532722
-0.363135	-0.838285	-0.406708
0.954879	-0.288629	-0.070002
-0.458907	-0.873768	-0.161041
0.240638	0.491678	-0.836867
-0.085044	-0.821662	0.563594
0.998346	-0.048312	0.031180
-0.049945	0.525180	-0.849524
-0.925977	0.356653	0.123958
-0.356267	-0.179192	-0.917041
0.870464	-0.480011	-0.109006
-0.069238	0.981898	0.176302
0.686164	0.154794	0.710787
0.207083	-0.950461	0.231820
-0.917413	-0.387607	-0.090079
0.987812	-0.136688	-0.074450
-0.567685	0.134735	-0.812145
0.989860	0.120518	0.075182
0.312304	-0.828131	0.465473
0.641437	-0.370587	0.671732
0.098769	-0.965913	0.239286
-0.868602	0.482510	0.112761
0.291335	-0.891717	0.346361
0.678267	0.152133	0.718895
0.456695	-0.305015	-0.835701
0.202867	0.946088	0.252513
0.177361	-0.016129	0.984014
-0.792645	-0.232283	-0.563701
-0.963826	0.258715	0.064086
-0.703371	-0.663482	0.255070
0.510140	0.528054	-0.678908
-0.738913	-0.673712	-0.010936
0.522077	-0.409761	-0.748019
-0.493661	-0.511481	-0.703339
-0.089774	-0.786410	-0.611146
0.566767	-0.795080	0.215922
0.199269	0.804311	-0.559800
0.206574	-0.875942	-0.435950
-0.633778	-0.752180	-0.180418
0.688105	-0.677994	-0.258525
-0.709068	0.569602	0.415664
-0.059196	0.825302	-0.561581
-0.957067	0.073033	0.280516
-0.991874	0.055949	-0.114260
0.558426	0.085428	0.825144
-0.600328	0.400073	0.692495
-0.747039	-0.300133	-0.593172
-0.806668	-0.590918	-0.010150
0.282784	0.472118	0.834948
0.559364	0.137398	-0.817455
-0.189157	0.979155	-0.073992
0.480641	0.023807	-0.876594
0.510165	0.847975	-0.143772
-0.157997	0.930447	-0.330614
0.460854	-0.401322	0.791552
-0.083762	-0.245491	-0.965773
-0.061503	0.003606	-0.998100
0.728095	0.052484	0.683464
0.709390	-0.650580	0.271129
-0.581737	0.175903	0.794129
-0.109661	-0.989742	0.091568
0.358886	-0.564575	0.743274
0.126056	0.926590	-0.354318
0.417664	0.102992	0.902746
0.921858	-0.157374	0.354135
-0.580733	-0.813817	-0.021232
-0.846397	-0.191458	-0.496947
0.993366	-0.114395	-0.011708
0.035235	0.827686	-0.560084
-0.798256	0.555813	-0.232076
0.815496	-0.424622	0.393270
-0.510158	-0.793973	-0.330674
-0.983160	-0.007918	0.182574
-0.894533	0.403869	0.191572
0.038148	0.988791	0.144354
-0.547989	-0.687547	0.476432
0.975797	-0.018398	0.217903
0.839818	-0.117895	0.529912
-0.027793	0.824863	-0.564649
-0.762340	0.572778	-0.301269
-0.226052	-0.204772	-0.952349
0.160648	0.564772	0.809460
0.470617	-0.455616	0.755602
0.661075	-0.525592	0.535474
-0.379512	0.484340	-0.788280
-0.894719	-0.251979	0.368761
-0.448448	-0.815441	0.365992
-0.000573	-0.615507	0.788132
0.489933	0.609345	0.623429
-0.298774	-0.552798	0.777913
-0.707096	-0.674423	0.212529
0.154979	-0.950333	-0.269907
-0.990465	-0.029656	-0.134533
0.080786	-0.871477	-0.483736
0.236841	-0.666161	-0.707203
0.738889	0.650391	0.176164
0.575239	-0.034697	-0.817249
0.851797	-0.367942	0.372907
0.799771	-0.569338	0.190314
0.325794	0.675982	-0.660989
0.055532	0.732596	0.678395
-0.414753	-0.861525	-0.292838
0.196925	-0.974753	0.105245
-0.681387	0.545882	-0.487570
-0.265255	-0.917781	0.295494
-0.460026	-0.673612	0.578467
-0.835518	0.251328	-0.488614
-0.464579	0.780668	-0.418000
0.815804	0.504258	0.283175
0.888736	-0.201782	0.411621
-0.000125	0.997501	-0.070651
0.731430	-0.680962	0.036064
0.902909	-0.418961	0.096053
-0.104429	-0.506377	0.855966
-0.453667	0.277467	-0.846875
-0.552591	0.734233	-0.394392
0.924425	-0.303933	0.230353
-0.041538	-0.893138	-0.447861
-0.789632	-0.144248	0.596384
0.395888	-0.287136	-0.872253
0.937355	-0.294440	-0.186202
-0.338574	-0.939875	0.044750
-0.405839	-0.818808	-0.406016
0.413212	-0.804471	0.426710
-0.195880	0.968757	-0.152121
0.001935	0.743791	0.668409
0.728019	-0.669309	-0.148371
-0.458278	0.425760	-0.780198
0.153605	-0.578970	-0.800749
-0.700495	0.475658	-0.532031
0.409286	0.647345	-0.642985
-0.107119	-0.762683	-0.637840
0.725371	0.685962	-0.057387
0.288628	0.775587	0.561390
0.331417	0.843789	-0.422117
-0.129627	0.780177	0.611980
0.790964	-0.255313	0.556049
0.718917	-0.677606	0.154948
-0.995125	-0.096788	0.018949
-0.432306	-0.157892	0.887796
0.987454	-0.073875	-0.139563
-0.906666	-0.346345	0.240836
-0.924987	-0.185851	-0.331449
-0.033213	0.610092	0.791634
-0.575676	0.616385	-0.537277
0.415499	-0.080003	0.906068
0.727762	-0.133916	0.672628
0.672649	-0.430198	-0.602058
0.340855	-0.900831	-0.268927
0.086969	0.975541	-0.201882
0.989766	0.034590	0.138446
-0.604647	-0.793663	0.067091
-0.738834	-0.606765	-0.293190
0.878380	0.085316	0.470286
-0.600784	-0.524391	-0.603385
0.154339	0.098619	-0.983084
0.577688	0.389640	0.717257
0.112337	0.490444	0.864202
0.602788	0.187782	0.775490
-0.076522	-0.687564	0.722081
-0.458857	-0.828380	-0.321306
0.775917	0.608344	-0.166944
0.907704	0.383978	-0.169217
-0.955649	-0.266902	0.124495
0.738460	-0.290219	0.608646
0.739435	-0.300338	-0.602522
0.616589	0.100146	-0.780890
-0.616359	-0.777700	0.123626
-0.344159	0.598788	0.723193
0.445196	0.784181	-0.432274
-0.219532	0.918606	-0.328585
-0.578931	-0.066028	-0.812699
-0.989544	0.031783	-0.140687
-0.442456	0.331128	-0.833419
0.900062	0.171815	-0.400459
-0.050572	0.503623	-0.862442
-0.011898	-0.894476	-0.446958
0.514580	-0.785053	0.344819
-0.177142	-0.981929	0.066612
-0.615209	0.753555	0.231674
-0.857504	-0.123787	-0.499363
-0.318874	-0.922943	0.215627
0.024871	-0.098595	0.994817
-0.871035	0.467206	0.151713
0.390720	0.689562	-0.609788
0.986087	-0.048095	0.159121
0.794864	0.400508	0.455833
0.055374	0.512329	0.857002
0.945374	-0.281124	0.165037
-0.629486	0.500365	-0.594460
-0.036030	0.227346	0.973147
-0.225117	0.776602	0.588398
-0.019504	0.167100	0.985747
0.042821	-0.877620	-0.477441
0.045285	-0.703779	-0.708974
0.078253	-0.944846	0.318028
0.044903	0.689202	0.723177
-0.206706	0.758451	0.618082
0.710000	-0.589040	0.385917
0.440258	0.021717	-0.897609
-0.237676	-0.701013	0.672377
0.204676	0.479097	-0.853565
-0.761436	0.228958	0.606460
-0.837443	-0.404674	-0.367327
-0.375129	0.423478	-0.824587
0.310847	-0.899701	-0.306450
0.111469	-0.988391	-0.103233
-0.011366	0.696429	-0.717536
0.699174	0.713832	0.039987
-0.781536	0.158752	-0.603324
-0.891043	0.009703	-0.453816
0.994627	-0.042591	-0.094356
0.085375	0.446535	-0.890684
0.056045	0.081645	-0.995084
0.329981	0.367456	-0.869533
0.990227	0.139457	-0.001410
0.142244	-0.573441	-0.806803
-0.228353	0.970254	0.080388
-0.777682	0.109004	0.619136
-0.030504	0.882364	-0.469577
0.984888	0.173064	-0.006626
0.554179	-0.697958	-0.453586
-0.248016	0.953530	0.171083
-0.223632	0.718324	-0.658786
0.538336	0.797799	-0.271497
-0.391655	0.046533	0.918935
-0.143758	0.420459	0.895850
0.674095	0.354749	0.647881
0.155160	0.692422	0.704611
0.109067	0.677593	-0.727304
0.832134	-0.081701	-0.548524
0.933700	-0.184651	0.306772
0.016743	-0.988719	0.148845
-0.905783	-0.420170	0.054897
0.941853	-0.078859	0.326640
-0.043325	-0.654788	-0.754570
-0.655306	-0.302095	0.692324
-0.648020	0.223437	0.728111
0.013075	0.552412	-0.833469
0.452380	0.309091	-0.836549
0.133150	-0.264557	0.955134
-0.105702	-0.663662	-0.740527
-0.489038	-0.863008	0.126723
-0.711182	-0.492518	0.501643
0.226285	-0.047030	0.972925
0.310831	-0.944265	0.108388
0.764355	-0.344094	0.545308
0.455949	0.686827	-0.566020
0.146134	-0.577017	-0.803553
0.845703	0.503824	-0.175922
0.610237	0.787793	-0.083623
-0.454490	0.673290	0.583198
-0.838008	-0.399166	-0.372033
0.262659	0.281474	-0.922921
-0.834347	-0.196419	0.515058
0.476788	0.636119	-0.606651
-0.254712	0.180140	-0.950090
-0.526708	-0.081578	-0.846122
0.468572	0.829968	0.302645
-0.030541	-0.156919	0.987139
-0.062890	-0.654588	-0.753365
-0.649366	0.583485	0.487719
-0.078490	0.978290	0.191801
-0.298994	-0.952082	-0.064368
0.708611	0.653341	-0.266488
-0.063334	0.327269	0.942806
-0.752243	0.656312	0.058173
-0.265176	0.310639	0.912790
-0.736339	-0.486295	-0.470449
0.847569	-0.401565	0.346948
0.506842	-0.334939	0.794309
0.489018	0.413993	-0.767770
-0.797489	-0.421356	-0.431822
0.916462	0.305281	-0.258651
-0.812040	0.582855	-0.029510
-0.911589	-0.316420	-0.262456
-0.662806	-0.037951	0.747829
0.734222	0.674546	0.076854
-0.750257	0.000185	0.661147
0.572976	0.033421	0.818891
0.309172	0.315928	0.896996
0.299147	-0.893496	0.334926
-0.466997	0.867197	0.172866
-0.867084	-0.375631	0.327211
0.449122	0.339795	0.826334
0.488209	-0.681368	-0.545334
0.605744	0.591816	-0.531816
-0.140587	0.761876	-0.632282
-0.436077	-0.663658	-0.607779
-0.345217	0.880932	0.323703
-0.570832	-0.810874	0.128970
-0.130867	0.973380	0.188162
0.753501	0.412949	-0.511575
0.841905	0.525769	-0.121507
-0.388016	0.555557	0.735391
0.025564	-0.057586	-0.998013
0.807569	0.464191	0.363812
-0.814467	-0.152010	0.559943
0.940790	0.210393	-0.265798
-0.914371	-0.331642	0.232250
-0.256159	-0.579695	-0.773522
-0.815516	0.003878	-0.578721
0.501626	0.855245	0.130107
0.162399	-0.275818	0.947392
0.687337	0.715052	-0.127549
0.555768	0.807688	-0.196882
-0.748384	-0.128530	0.650693
0.031144	-0.010255	0.999462
-0.225198	0.974243	-0.011713
-0.631053	0.735478	0.246666
0.169582	-0.952037	-0.254689
-0.112755	0.784016	-0.610414
-0.671695	-0.101088	0.733898
-0.848001	0.517344	0.115105
-0.823128	0.563880	-0.067081
-0.067426	0.101193	-0.992579
0.410893	0.121870	0.903502
0.629464	-0.159153	-0.760556
0.235858	0.894209	-0.380474
0.122201	0.473863	0.872078
0.942767	-0.077417	-0.324339
-0.885766	0.453690	0.097893
0.478572	0.496804	-0.723985
0.928851	0.352556	-0.113756
0.045951	0.205641	0.977548
-0.380715	0.183241	0.906355
-0.829655	0.351816	-0.433472
0.177758	-0.040654	-0.983234
0.418594	-0.658006	-0.625945
0.740134	-0.194175	0.643815
0.632374	0.017988	-0.774454
-0.566174	0.587452	0.578228
0.629987	-0.765091	-0.133236
0.415530	-0.055436	0.907889
0.376157	-0.240170	0.894888
0.981237	-0.069725	-0.179757
-0.436615	0.760263	-0.481007
-0.138306	-0.726772	-0.672811
0.820097	0.142970	-0.554076
-0.336094	0.466928	0.817936
-0.298729	-0.866229	-0.400511
0.252367	-0.564150	0.786159
-0.287824	0.484728	-0.825951
-0.810774	-0.072103	-0.580901
0.548615	0.530604	-0.646128
0.520716	0.819691	0.238664
0.022994	0.530689	0.847254
-0.102924	-0.743091	0.661228
0.018687	0.583516	0.811887
0.797267	0.598978	-0.074768
-0.014666	0.680897	-0.732232
-0.133456	-0.601945	0.787307
-0.613898	0.404109	0.678104
-0.376869	-0.901376	0.213288
0.190200	-0.206742	0.959730
0.397421	-0.798649	-0.451904
-0.550444	0.638195	-0.538255
-0.229976	0.168170	-0.958556
0.482151	-0.764028	0.428709
0.557889	0.758971	-0.335743
0.982514	0.185142	-0.019706
-0.017816	-0.946375	-0.322578
-0.021469	0.346837	0.937680
-0.843149	0.077558	-0.532057
-0.680533	-0.716487	-0.153366
-0.891100	-0.451578	-0.044920
0.899250	-0.105938	0.424413
-0.575763	-0.223949	0.786349
0.509833	-0.238825	-0.826458
0.129243	-0.986648	-0.099109
0.013508	0.684644	0.728752
-0.730490	-0.614238	-0.298490
0.725913	0.389145	-0.567112
0.610214	0.747252	-0.263160
-0.850475	-0.497058	-0.172123
-0.813099	-0.574131	0.096149
0.992432	-0.122785	-0.001457
0.827176	-0.523182	0.205087
0.994898	-0.048543	-0.088443
-0.586878	-0.747345	-0.311527
-0.774429	-0.469512	-0.424049
0.957950	-0.164005	0.235445
0.537025	0.842462	0.043151
-0.647747	0.424803	0.632429
-0.600176	0.125453	-0.789968
-0.831425	0.371406	0.413267
-0.755263	0.562209	-0.336895
0.859851	0.189913	0.473908
-0.049313	0.931035	0.361582
-0.476685	0.114448	-0.871592
-0.801393	-0.543910	-0.248861
0.647797	-0.111971	0.753539
0.970828	-0.125416	0.204363
-0.101948	0.844715	-0.525416
0.613631	0.718918	-0.326518
0.947314	-0.240849	-0.211160
0.137024	0.498679	0.855888
0.267211	-0.420264	-0.867166
-0.072682	0.762509	-0.642882
0.488396	0.162285	-0.857399
0.005444	0.321188	0.947000
-0.827283	0.116112	-0.549656
-0.876690	-0.271895	-0.396847
-0.993144	-0.107394	-0.046167
-0.069319	0.995912	0.057922
-0.222826	-0.630491	0.743525
-0.644465	0.762507	-0.056988
0.474929	-0.869550	-0.135374
-0.877816	0.118296	0.464161
0.979070	-0.093621	-0.180712
-0.669938	-0.536836	0.512826
0.958574	-0.005134	0.284796
0.743962	0.246694	0.621018
0.166707	0.626975	-0.760993
-0.846611	0.522763	-0.099840
0.125673	-0.452520	0.882855
0.855161	-0.290105	-0.429580
-0.609043	-0.533585	-0.586817
0.001590	0.953305	0.302005
0.683848	-0.156321	-0.712682
0.615363	0.577282	0.536725
0.368803	0.917004	-0.151945
0.699271	0.714855	-0.001329
-0.360159	-0.789592	0.496820
0.917027	-0.388417	-0.090521
-0.586122	0.777913	-0.226522
0.947921	0.057119	-0.313342
0.074062	-0.950761	-0.300946
-0.840380	-0.523228	-0.141399
0.468712	0.358637	-0.807273
-0.308793	-0.898268	-0.312669
-0.276883	0.919114	0.280294
-0.977277	-0.203447	-0.059490
0.899376	0.029148	0.436203
0.132177	-0.757256	-0.639603
0.132439	-0.855406	0.500741
0.850447	0.235045	-0.470631
-0.242575	-0.193302	-0.950680
-0.941179	-0.048118	-0.334466
-0.594132	0.642034	0.484560
-0.489629	-0.721059	-0.490242
-0.875940	0.481858	-0.023297
0.278022	-0.365038	-0.888511
0.668943	0.640603	-0.377020
-0.370982	0.383836	0.845602
-0.845286	-0.222754	-0.485667
0.143171	0.264108	0.953808
0.396685	0.717488	0.572583
-0.699888	-0.512750	0.497236
0.319652	0.297644	-0.899572
-0.652653	-0.727916	-0.210195
0.551984	-0.640259	-0.534211
-0.244126	-0.828472	0.504020
-0.654386	-0.730328	0.195959
-0.783768	0.613037	0.099461
-0.135914	-0.282980	-0.949447
0.004750	-0.624263	0.781200
-0.641461	-0.584699	-0.496644
-0.307509	-0.662904	0.682639
0.271968	-0.453122	0.848948
-0.615542	-0.784412	0.076194
-0.602958	-0.797509	-0.020530
-0.762327	0.571816	-0.303122
0.145682	0.805922	-0.573818
-0.620151	-0.625853	-0.472991
-0.620146	-0.108022	-0.777013
0.902760	-0.425132	0.065483
0.764542	-0.188179	0.616494
0.300124	-0.700912	-0.647030
-0.238717	-0.093373	0.966590
-0.834132	0.441812	0.330192
0.754821	0.004425	-0.655916
-0.258139	-0.965703	0.027950
0.045151	0.873018	0.485594
-0.404356	0.867557	0.289553
0.927302	0.347752	-0.138493
0.600895	-0.521880	0.605447
-0.272796	0.948728	-0.159679
0.078781	-0.222456	0.971754
0.015689	0.526558	-0.849995
-0.244972	-0.659967	-0.710234
-0.983421	-0.009958	0.181062
-0.083554	-0.880308	0.466987
0.005820	0.980867	-0.194591
-0.690530	0.598294	0.406464
0.023444	-0.972784	0.230526
0.048259	0.609555	0.791274
0.525970	0.218821	-0.821871
-0.320987	-0.494195	0.807922
0.198746	0.826198	0.527160
0.562233	0.018828	0.826765
-0.637185	0.663150	0.392717
-0.524596	0.774631	0.353194
0.557323	0.192091	-0.807770
-0.241817	-0.592857	-0.768144
0.052869	-0.485998	0.872359
0.100858	-0.965257	0.241052
0.243381	0.891744	-0.381520
-0.923673	-0.127001	0.361523
-0.573564	-0.722402	-0.386212
-0.541568	0.272624	-0.795223
-0.424171	0.787082	0.447862
-0.097561	-0.244814	-0.964649
-0.450414	-0.587373	-0.672399
-0.097570	-0.975380	0.197772
0.719592	-0.366253	0.589955
-0.361292	0.521669	-0.772871
-0.609755	-0.767716	0.197007
-0.921200	-0.387654	-0.033404
0.038451	0.495550	-0.867728
0.756505	0.628254	-0.181649
0.098188	-0.009526	0.995122
0.699862	-0.052740	-0.712329
0.103152	0.113544	0.988164
0.346206	0.929369	0.128117
0.407023	-0.894417	0.185341
0.550818	0.704096	-0.448161
-0.529550	-0.790850	-0.306811
-0.251801	0.952099	0.173507
-0.634806	-0.056609	-0.770595
-0.649099	0.673893	-0.352900
0.754867	0.101317	-0.648005
0.549408	0.466514	0.693192
-0.773147	-0.548673	-0.318122
0.716001	-0.507717	0.479130
0.401888	-0.545912	0.735164
-0.656545	-0.380738	-0.651142
0.093870	0.990728	0.098218
-0.038437	0.664252	0.746520
0.157178	-0.299615	-0.941024
0.569609	0.774250	0.275832
-0.086560	-0.943919	0.318629
-0.551718	-0.480584	-0.681650
0.501366	-0.242128	-0.830666
0.716626	0.554625	0.422892
0.876046	0.398809	-0.271098
0.074100	-0.904035	0.420987
-0.626032	-0.779718	-0.011107
0.585424	-0.797739	-0.144535
0.707127	-0.241517	-0.664561
0.342081	0.674454	0.654288
-0.762994	-0.166494	-0.624595
-0.611250	0.348707	0.710477
-0.276432	0.753471	-0.596546
0.451605	0.866680	0.211941
-0.940789	0.331048	-0.072964
0.801082	-0.569087	0.185492
0.423531	0.545278	0.723390
-0.215600	0.789380	0.574800
0.128746	-0.963434	-0.234989
0.191743	0.858306	-0.475968
0.127437	0.989153	-0.073054
-0.797854	-0.340463	-0.497507
-0.131176	-0.442353	-0.887196
0.714693	-0.362357	0.598257
-0.997433	0.066669	-0.026123
-0.389390	0.107026	-0.914834
0.731476	0.124280	0.670446
0.125602	0.909524	-0.396220
0.338777	0.570458	0.748203
0.633897	0.362891	-0.682997
0.988094	-0.153201	-0.014096
-0.230749	0.684629	0.691403
0.174914	0.582227	0.793988
0.187880	0.200372	0.961536
-0.088002	0.868903	-0.487097
-0.634388	-0.655521	0.409687
0.428414	-0.158186	-0.889629
0.376343	-0.803528	0.461203
-0.127899	-0.521069	0.843877
0.238181	0.906033	0.349819
-0.277161	0.286862	0.917002
-0.177972	-0.528722	0.829927
-0.112225	-0.975387	0.189806
-0.990620	-0.037962	-0.131263
0.972308	-0.224597	0.064609
0.294984	0.587574	0.753486
-0.924883	0.158975	0.345424
-0.174552	0.846687	-0.502645
-0.321007	-0.544547	-0.774870
0.848312	-0.026787	-0.528819
0.699760	-0.707655	0.097783
0.770989	-0.347050	-0.533977
0.305557	0.343521	0.888047
0.990036	0.122414	-0.069595
0.237375	0.721168	0.650822
-0.162775	0.275029	-0.947556
-0.889413	0.112923	-0.442937
-0.862149	0.222929	-0.454974
0.671565	0.728076	0.137497
0.010829	0.932126	-0.361973
-0.101423	0.335631	0.936517
-0.221402	-0.918797	0.326791
-0.150267	-0.980382	0.127557
-0.375373	0.384035	-0.843571
0.855247	-0.002814	0.518212
-0.447044	0.001413	-0.894511
-0.417089	-0.440205	0.795146
0.389986	-0.131696	0.911355
0.413064	-0.153546	-0.897665
-0.063686	-0.893369	-0.444788
0.816854	0.404921	-0.410839
-0.056262	-0.007114	-0.998391
0.719019	0.670628	-0.182401
0.530614	0.397171	-0.748801
0.348645	-0.725702	-0.593130
0.936333	0.204933	0.285101
0.740235	-0.219867	-0.635383
0.911149	0.103178	0.398950
0.028615	-0.986178	-0.163201
0.341597	0.834799	-0.431767
-0.848366	0.046486	-0.527366
0.850947	0.518590	-0.083393
-0.328089	0.890578	-0.315006
-0.909628	-0.403545	0.098634
-0.782115	-0.593715	-0.189205
-0.465234	0.673385	0.574551
-0.078094	-0.505665	0.859188
0.325581	-0.522195	0.788232
0.829409	-0.321131	0.457117
0.893656	0.336612	0.296767
0.932636	0.271155	0.238043
-0.825894	0.546804	0.137498
0.980922	-0.133133	0.141658
0.796906	-0.175272	0.578117
-0.997178	0.062880	-0.041013
-0.855424	-0.490260	0.167020
-0.843903	-0.326639	0.425599
-0.094210	-0.635807	0.766077
0.334716	-0.800780	-0.496706
-0.736777	-0.538691	0.408621
-0.575284	-0.676168	-0.460266
-0.439589	-0.843771	-0.307915
0.340418	0.312740	-0.886741
0.330123	0.939050	-0.095938
-0.609447	-0.758649	0.230274
0.638664	-0.258153	-0.724889
0.893405	-0.446016	0.053835
-0.129264	-0.835431	-0.534177
-0.614852	0.785883	-0.065910
-0.215199	0.928450	-0.302770
-0.078535	0.987496	-0.136689
0.854883	0.518069	-0.027922
-0.569395	0.080340	-0.818129
0.882550	-0.103241	-0.458746
0.003477	-0.343960	0.938978
0.866896	0.048156	0.496157
0.808966	-0.496156	0.315281
-0.501997	0.258276	0.825405
-0.828724	-0.207857	0.519627
0.536486	0.836699	-0.110081
0.090509	-0.759996	0.643594
0.788216	-0.066183	-0.611829
-0.838104	0.473224	0.271368
0.234269	-0.807195	-0.541806
-0.845764	0.533381	0.013683
-0.127441	0.589501	-0.797651
-0.265470	-0.108726	-0.957969
-0.991777	-0.069072	-0.107741
0.696093	0.679648	0.231372
0.579712	0.500662	-0.642862
-0.843699	0.303069	-0.443082
0.147477	0.680098	-0.718134
0.554824	-0.202896	-0.806848
0.162707	0.638413	0.752300
-0.227347	0.396335	-0.889512
-0.809873	0.539605	0.230071
0.693657	0.669485	-0.265761
-0.728205	-0.367491	-0.578505
0.869747	-0.316784	-0.378402
-0.685960	-0.356818	-0.634145
-0.185081	-0.361511	-0.913813
-0.970207	-0.165906	0.176558
0.152192	0.222032	-0.963089
0.403573	0.348295	-0.846061
-0.171994	-0.574614	0.800148
-0.373926	-0.371738	-0.849700
0.101353	0.805627	0.583689
-0.071625	-0.481039	0.873769
-0.257660	0.021058	0.966006
-0.231717	-0.956482	-0.177340
-0.156242	0.356392	-0.921180
-0.612953	0.249411	-0.749722
-0.285067	-0.912836	0.292350
0.802603	0.523082	-0.286728
0.683421	-0.556684	-0.472270
0.431102	-0.842557	-0.322876
0.301891	-0.688063	0.659872
0.908365	0.393715	-0.140931
0.427351	0.674261	-0.602282
0.185290	-0.389571	-0.902165
0.130311	0.501813	-0.855104
0.810300	0.143711	-0.568121
0.716573	0.634453	0.289814
0.009618	-0.794929	0.606627
-0.037263	0.413662	0.909668
-0.853758	-0.089959	0.512840
-0.403064	0.804827	-0.435652
0.998159	0.053350	-0.028840
-0.816134	-0.523688	0.244288
0.197355	0.977223	-0.078010
-0.423588	-0.859176	-0.287038
0.485743	0.667684	-0.564138
0.292961	-0.392468	0.871862
-0.989834	-0.135834	0.042170
0.785808	0.093991	0.611287
-0.729860	0.492550	0.474024
0.224125	0.117335	0.967471
0.991640	-0.111993	-0.064092
0.102195	-0.740609	-0.664120
-0.974465	0.149797	0.167268
0.779192	0.111340	-0.616818
0.401529	-0.192139	0.895465
0.335388	-0.920275	0.201518
0.859688	-0.056924	-0.507638
-0.733180	-0.679699	-0.021368
0.657043	0.571373	-0.491761
-0.295186	0.092479	0.950954
0.186663	0.491185	0.850820
-0.862900	-0.011881	0.505235
0.238942	-0.607013	-0.757920
-0.900228	0.422019	0.107195
0.456736	0.575533	0.678347
-0.578188	-0.516330	-0.631745
-0.448801	-0.847400	0.283709
-0.301831	0.951167	-0.064644
0.972294	-0.218188	-0.083899
0.327346	-0.553403	0.765892
0.213491	-0.974319	0.071583
0.099004	-0.240496	0.965588
0.890309	-0.455293	0.007678
-0.615507	-0.624012	-0.481415
0.111257	-0.214061	0.970464
-0.827076	0.195089	-0.527148
0.705156	0.500521	-0.502229
-0.037263	0.089537	-0.995286
0.143111	-0.885723	-0.441603
0.364553	0.570977	-0.735586
-0.574557	-0.484159	-0.659905
0.863103	0.335749	-0.377260
-0.277173	0.884574	-0.375105
-0.600055	-0.647732	0.469444
-0.811245	-0.162576	0.561650
-0.780559	0.209490	0.588932
0.029170	0.997974	0.056551
-0.844116	-0.170637	-0.508283
-0.643142	-0.383173	0.662984
0.660904	-0.722663	0.202395
0.906160	0.290517	-0.307368
-0.141112	0.425762	-0.893764
0.196998	-0.979022	0.052035
0.224026	0.966861	-0.122443
-0.721181	-0.334752	0.606498
-0.985665	0.051279	-0.160730
-0.496365	0.861110	0.110053
-0.848615	0.422199	-0.318747
0.592118	-0.711490	-0.378388
-0.282062	0.841474	0.460829
-0.176946	-0.982622	-0.056064
0.396333	-0.917169	-0.041491
0.402906	0.871758	-0.278757
-0.677269	-0.645623	0.352813
0.179485	0.512094	0.839967
-0.349724	0.888073	-0.298362
0.610758	0.675005	-0.413936
0.206661	0.513301	-0.832954
0.325374	0.931521	0.162479
0.043329	0.978032	0.203903
0.492042	0.358770	0.793208
0.221242	0.143626	0.964585
0.815040	-0.118592	0.567138
0.848392	0.422807	-0.318536
0.947610	-0.263115	0.181122
-0.945719	0.257597	-0.198139
0.767454	-0.641075	0.006099
0.356149	-0.226294	0.906614
-0.156052	-0.766598	0.622877
-0.341259	-0.045203	-0.938882
-0.626332	0.244741	-0.740141
-0.155372	0.829636	0.536250
-0.170896	0.445439	0.878851
-0.765535	-0.477903	0.430772
-0.075902	-0.134027	-0.988067
-0.390183	0.481710	-0.784674
0.657484	0.746216	0.104284
0.879506	0.439197	0.183234
-0.989191	0.103737	-0.103637
0.796855	0.598497	0.082601
0.344262	-0.118125	-0.931413
-0.994463	-0.102458	0.023360
0.370777	-0.762207	0.530627
-0.598865	0.791766	0.120280
-0.332316	-0.883595	0.329888
-0.615974	-0.533875	-0.579270
-0.164406	-0.979778	0.114038
-0.989182	0.094843	-0.111906
-0.997791	0.038002	-0.054489
-0.945862	0.010800	-0.324390
0.225328	0.599348	-0.768121
0.389567	-0.872345	-0.295384
0.495415	-0.496662	0.712665
0.753356	-0.167191	0.636004
0.471085	-0.861646	0.188800
-0.980884	0.192782	-0.026481
-0.936888	0.148548	-0.316505
-0.516260	-0.102512	0.850275
0.695577	-0.700809	0.158238
0.522120	0.852788	0.012001
0.034630	0.116125	0.992631
0.021753	-0.796726	0.603948
0.592953	0.652856	-0.471366
-0.974358	0.062007	0.216289
-0.319034	0.155357	-0.934923
-0.150742	-0.724770	-0.672299
-0.203055	0.303164	0.931053
0.361167	0.407000	-0.838993
0.228241	-0.636831	0.736445
0.035285	0.092037	0.995130
-0.208061	-0.945232	0.251491
-0.504163	0.861131	0.065375
0.290434	0.956541	-0.026027
-0.564119	-0.690848	0.452216
0.743500	-0.374254	-0.554204
-0.311171	-0.793905	-0.522387
0.893024	0.313584	0.322758
-0.611536	-0.462226	0.642161
-0.052909	0.559079	0.827424
0.825953	0.406706	-0.390375
0.926453	0.332517	-0.176402
-0.145351	-0.012851	0.989297
-0.209096	-0.563519	0.799203
-0.023138	-0.951350	-0.307242
-0.096157	-0.734425	0.671843
-0.571594	-0.536586	0.620771
-0.592884	0.661499	0.459248
-0.696269	-0.229672	-0.680044
0.793553	0.599196	0.106009
-0.218553	-0.483968	0.847354
0.018708	-0.938345	-0.345193
-0.684800	-0.455320	-0.568976
0.438404	0.039712	-0.897900
-0.605042	-0.483608	-0.632493
0.604522	0.021270	0.796305
-0.749092	0.180880	0.637294
0.441845	-0.567873	0.694473
0.941307	-0.317844	0.113650
0.674417	-0.305551	-0.672161
-0.977465	0.204635	0.051834
-0.729133	-0.024936	-0.683917
-0.493511	-0.476243	0.727764
0.583652	0.346965	-0.734143
-0.049376	-0.687112	-0.724872
-0.666374	-0.274349	0.693310
-0.925736	-0.028107	-0.377124
-0.462561	-0.881055	-0.098890
0.945427	-0.148618	0.289965
0.202967	0.136594	0.969612
0.950859	-0.291587	0.104133
0.340994	0.879970	0.330721
-0.313717	0.573513	-0.756746
-0.310429	0.060708	-0.948656
0.133552	-0.640570	-0.756197
-0.050168	0.749410	0.660203
-0.931055	0.088981	0.353862
0.957683	-0.005474	-0.287774
-0.977892	0.206644	0.032007
-0.311248	0.303201	-0.900663
0.682075	0.143294	-0.717106
-0.064495	-0.924180	0.376472
-0.926322	0.209933	0.312819
-0.935179	0.120976	0.332873
-0.889532	0.425329	0.166817
-0.857511	-0.330453	0.394303
0.128278	-0.201315	0.971091
-0.200926	-0.908996	-0.365178
0.675660	-0.562353	0.476701
0.368151	-0.770696	0.520089
0.875871	-0.181333	-0.447178
-0.294513	-0.471645	-0.831151
-0.298871	-0.507680	-0.808045
-0.269982	0.798999	-0.537318
0.384646	-0.918372	-0.092955
0.282247	-0.589892	-0.756548
-0.369079	0.824184	0.429536
0.409669	0.839040	-0.358028
0.374098	0.645375	-0.665990
0.494208	0.738748	-0.458268
-0.842062	-0.279317	0.461426
0.675404	0.196375	0.710821
-0.077722	0.416695	-0.905718
0.421016	0.855478	-0.301503
-0.491466	-0.814201	0.309091
0.189353	0.008370	0.981873
-0.397960	-0.347186	0.849170
-0.660660	0.501736	0.558382
0.273605	-0.466118	0.841352
-0.959398	0.279284	-0.039447
0.798736	-0.330091	0.503051
0.144270	0.432354	-0.890088
0.106641	-0.312981	-0.943753
-0.497701	0.589631	0.636105
-0.305219	-0.565320	0.766326
0.865756	-0.403254	0.296399
0.209879	-0.880463	-0.425131
-0.095258	-0.966206	-0.239524
-0.153849	-0.884760	0.439922
-0.912822	-0.351778	-0.207387
0.182321	0.527462	-0.829785
-0.037169	-0.936634	-0.348331
-0.737962	-0.674804	0.007190
0.586200	0.642793	-0.493140
-0.126705	0.760700	0.636617
0.031456	-0.403653	-0.914371
-0.435701	-0.900088	-0.002403
0.567687	-0.722238	0.395099
-0.650285	0.414014	-0.636963
-0.403927	-0.082755	0.911040
0.970224	0.098878	0.221108
0.882208	-0.217205	0.417768
-0.480188	0.477277	-0.735952
0.933103	0.213335	0.289493
-0.279518	-0.010376	0.960084
-0.306595	0.606887	-0.733272
0.034350	-0.761846	0.646847
-0.763206	-0.645439	0.030427
-0.984787	-0.083636	-0.152314
-0.530416	-0.128955	0.837872
0.152909	0.874111	0.461030
-0.010106	0.688924	-0.724763
-0.317122	0.310671	-0.896057
0.879628	-0.471679	0.061432
0.449694	0.305610	-0.839272
0.130232	-0.951610	-0.278349
0.762282	0.426632	0.486735
-0.521898	0.754226	-0.398454
0.866625	-0.053311	-0.496104
0.815624	0.577149	0.040706
-0.541427	-0.508112	0.669835
0.269611	-0.123568	-0.955008
0.282238	-0.381502	-0.880226
0.325946	-0.878629	-0.348955
0.705699	0.691347	-0.155010
-0.981180	0.192778	0.011092
-0.996646	-0.025870	-0.077640
-0.550089	-0.261375	-0.793149
0.999232	-0.036183	0.015058
0.134751	-0.185767	-0.973310
-0.909582	-0.113977	-0.399586
-0.757866	-0.598980	-0.258579
-0.314425	-0.560901	0.765851
0.706085	-0.473967	0.526118
-0.866767	-0.443787	0.227527
-0.108173	0.914853	0.389028
-0.496905	0.867529	0.021879
0.561423	-0.764871	-0.315875
0.215349	0.976530	-0.003746
0.004810	0.535890	0.844274
-0.577294	0.771700	0.266854
-0.171273	0.979414	-0.106838
0.520524	-0.101614	0.847779
0.938079	0.169458	0.302146
-0.925033	0.374692	0.062608
0.929046	0.362305	-0.074894
0.719222	0.302421	-0.625509
-0.173028	0.826641	-0.535468
-0.563361	-0.642356	-0.519618
-0.222049	0.067236	-0.972715
0.954986	-0.272171	-0.118005
-0.216382	0.918205	-0.331782
0.836625	-0.413150	-0.359675
-0.530721	-0.192852	-0.825314
-0.928924	0.370261	-0.002574
0.692039	-0.012968	-0.721743
0.386256	-0.382068	0.839542
0.747872	0.262009	-0.609950
0.544692	-0.779295	-0.309854
-0.416241	-0.899582	0.132269
-0.364427	-0.560003	0.744036
0.580792	-0.180413	0.793809
0.921909	-0.308166	-0.234770
0.786761	-0.567392	0.243050
-0.213456	-0.295350	0.931238
0.306403	-0.201814	-0.930263
-0.930158	0.319124	-0.181563
0.166307	0.035000	0.985453
0.409891	0.489581	-0.769610
-0.860362	-0.508972	-0.026907
-0.615180	0.688219	-0.384588
0.098433	0.274037	0.956669
0.831142	-0.340352	0.439731
-0.221780	0.225225	-0.948729
-0.980615	-0.129615	-0.146952
0.225235	-0.615473	0.755289
-0.703918	0.685236	-0.186951
-0.878586	-0.474877	-0.050783
-0.879439	0.429192	0.205867
-0.302532	-0.446590	0.842040
-0.384848	-0.501448	0.774882
-0.583851	0.669693	0.458943
-0.900467	-0.421395	0.107637
-0.241997	-0.150387	-0.958552
0.624985	0.457560	-0.632482
0.972088	0.161065	-0.170594
0.568759	0.819937	-0.064935
0.263142	0.427682	0.864780
-0.817043	0.575745	0.030955
-0.482748	0.336940	-0.808348
0.209783	0.540650	-0.814671
-0.562067	0.750759	-0.347048
0.558513	0.818060	0.137262
0.812291	0.200080	-0.547860
-0.718129	-0.493004	-0.491160
0.876159	0.397115	-0.273211
-0.619527	0.192155	0.761093
0.784004	-0.382236	-0.489114
-0.052889	-0.992381	0.111278
0.042506	-0.998888	0.020398
-0.283017	0.944337	0.167718
-0.547604	0.757446	0.355536
-0.315062	-0.742752	-0.590808
0.281889	-0.920540	-0.270454
-0.206700	0.033876	-0.977818
-0.361988	0.842355	-0.399253
0.631854	0.099102	-0.768726
-0.110742	-0.986956	0.116847
-0.135880	-0.837225	-0.529709
0.081863	-0.393421	-0.915707
-0.758166	0.626238	0.181688
-0.595736	-0.802203	-0.039605
-0.973492	-0.010813	-0.228466
-0.757009	-0.474905	-0.448779
0.229288	-0.133888	0.964106
0.038486	-0.999218	-0.009110
-0.760109	-0.036761	0.648754
0.201988	0.962782	0.179590
0.084384	0.577032	-0.812350
0.877090	0.027698	-0.479528
0.834319	-0.476610	0.277045
-0.749811	-0.598216	0.282702
-0.080262	-0.599888	-0.796048
0.115281	-0.764356	-0.634405
0.854519	-0.418165	-0.308116
0.109276	0.975979	-0.188480
-0.986553	0.160737	-0.029613
0.442418	0.220709	-0.869226
0.190701	0.893051	0.407546
-0.454137	-0.179800	0.872600
-0.625133	-0.718301	0.305374
0.135720	-0.866352	0.480639
-0.587765	-0.175699	0.789723
-0.232905	0.525479	0.818308
-0.244280	-0.336035	-0.909620
-0.651777	-0.752403	0.095265
-0.847124	-0.287690	0.446783
0.506660	-0.175601	0.844074
-0.519513	0.623426	-0.584334
0.819618	0.511339	-0.258378
0.299882	-0.588125	0.751119
0.120886	-0.742304	0.659069
-0.855032	0.518432	0.012193
0.793715	-0.597970	0.111574
0.378839	-0.848340	-0.369865
0.387760	0.764563	-0.514864
-0.009856	-0.768253	-0.640070
0.323720	-0.777627	-0.538983
0.212363	0.642977	-0.735855
0.889383	0.059452	-0.453282
0.374314	0.663573	-0.647734
-0.172005	0.553784	0.814701
-0.445395	0.860281	0.248072
-0.199175	0.931531	-0.304268
0.440866	0.790426	0.425282
-0.575431	-0.655455	-0.489140
-0.230387	0.836012	-0.498002
0.404269	0.906682	0.120395
0.994717	-0.101838	0.012888
-0.917833	-0.228141	-0.324861
0.866513	0.498960	0.013939
-0.824090	0.274110	-0.495722
0.127175	-0.725773	-0.676077
-0.958306	0.216428	-0.186569
-0.956501	0.153270	-0.248221
0.206805	-0.945744	0.250601
0.787789	-0.515543	-0.337052
0.869003	0.494747	0.007674
-0.324814	0.305681	-0.895017
-0.061507	-0.987773	-0.143253
0.155523	0.653421	0.740847
0.645877	-0.077903	0.759456
-0.352798	0.874178	-0.333687
-0.785785	-0.575130	0.227523
-0.152120	0.453722	0.878064
0.079287	0.584005	-0.807868
0.200120	0.133587	-0.970622
-0.581868	-0.555738	-0.593789
-0.235641	-0.380902	-0.894085
0.505934	0.507932	0.697163
0.981300	0.122532	0.148447
-0.121241	-0.001140	-0.992622
0.721617	-0.036953	0.691305
0.284646	0.565512	-0.774063
-0.149862	-0.933787	0.324937
-0.402670	0.835518	0.373853
0.240018	0.950273	0.198427
0.931966	-0.086188	0.352152
0.375109	0.399048	0.836692
0.042086	0.948085	-0.315219
0.028415	0.435359	0.899809
-0.377300	0.299953	-0.876169
0.741116	-0.043197	0.669986
-0.551535	0.818936	-0.158595
-0.027658	-0.782533	0.621995
-0.202035	0.001515	0.979377
-0.019990	0.864586	0.502087
0.482657	0.803454	0.348575
0.746118	-0.364874	0.556933
-0.405322	-0.367685	0.836972
-0.194482	-0.017838	-0.980744
0.051093	-0.994899	-0.086984
-0.813683	0.084492	0.575136
0.615151	0.689897	0.381617
-0.610712	0.702469	0.365469
-0.231968	0.728729	0.644317
-0.365309	-0.118574	-0.923303
0.079464	0.774320	-0.627785
-0.455730	0.365512	0.811610
-0.859516	-0.493268	-0.133862
0.925092	0.328246	-0.190944
0.724684	-0.509892	-0.463513
-0.120784	0.748494	0.652049
-0.114884	-0.284439	-0.951786
-0.428162	-0.664431	-0.612543
-0.143753	-0.613529	-0.776478
0.618773	0.536696	-0.573652
0.231955	-0.619867	-0.749641
0.881625	0.449769	-0.142989
-0.416697	-0.670368	-0.613979
0.793262	0.188525	0.578959
0.898852	-0.069366	0.432728
0.991206	-0.022171	0.130455
-0.247505	-0.082393	0.965377
0.771279	0.554863	0.311858
0.123163	-0.273794	0.953870
-0.372925	0.910117	-0.180595
-0.139104	-0.152719	0.978431
0.335296	-0.565914	0.753205
-0.723793	0.034737	0.689143
0.497695	0.542791	0.676519
-0.428732	-0.198946	-0.881254
-0.435430	-0.549114	-0.713355
-0.851676	-0.010204	-0.523969
0.222829	-0.267238	0.937513
-0.867488	-0.121557	0.482378
-0.948191	-0.114189	-0.296469
0.029863	0.662150	-0.748776
0.927403	-0.250169	0.278099
-0.542276	0.801841	-0.250973
-0.994825	0.097133	-0.029820
0.623346	-0.367976	0.689952
0.711217	0.609094	-0.350962
0.950679	-0.310162	-0.003136
0.108504	0.759350	-0.641572
0.616759	0.421823	-0.664586
-0.789421	0.060155	-0.610898
0.413613	0.703977	0.577357
0.524027	-0.708914	0.472057
0.523695	0.432325	0.734056
-0.568214	-0.688151	-0.451199
-0.980429	-0.122917	0.153789
0.722523	-0.663987	0.192565
0.862396	0.436030	-0.257197
-0.658962	-0.644789	-0.387318
0.716551	-0.534156	-0.448588
0.587737	0.791211	-0.168965
0.112868	0.136190	-0.984232
-0.319517	-0.024333	-0.947268
-0.164552	0.224404	0.960503
0.078554	0.996276	-0.035549
0.815601	-0.535621	0.218874
-0.364248	0.781080	-0.507185
0.124447	-0.956411	-0.264178
0.567531	-0.813513	0.126906
0.410731	-0.568244	0.713021
-0.024096	0.947468	-0.318943
0.695033	-0.087218	0.713668
-0.475692	-0.517770	0.711078
-0.138161	0.983548	0.116380
-0.949574	-0.284416	-0.131976
-0.839692	0.188893	0.509153
0.102328	0.022768	0.994490
0.379928	-0.892831	0.241883
-0.569592	-0.752983	0.329517
0.191619	-0.154685	-0.969203
0.482387	-0.652585	-0.584324
-0.895821	0.429014	-0.115981
0.583102	0.028176	-0.811910
0.805344	0.559467	0.196003
-0.994745	-0.080342	-0.063470
-0.355386	-0.159543	-0.921003
0.228936	-0.800414	0.554009
-0.272769	-0.364402	0.890398
-0.582716	-0.800743	-0.138752
0.240791	-0.631359	0.737160
-0.907780	0.131731	0.398223
0.283650	0.373779	0.883081
0.986694	-0.162548	-0.003575
0.846090	0.526093	-0.085773
-0.079909	-0.285696	0.954983
0.776167	0.530386	0.340963
0.301166	0.953555	-0.005622
0.813309	0.444892	-0.374965
-0.700543	0.279553	-0.656574
-0.683678	-0.470317	0.558020
0.258793	-0.060153	-0.964058
0.487189	0.593523	0.640608
-0.449958	-0.581051	-0.678173
0.700727	0.587725	0.404426
0.729915	0.079786	-0.678865
0.775576	0.242377	-0.582868
0.539632	-0.653758	0.530470
-0.750103	0.136305	-0.647121
-0.560818	0.825529	0.063124
0.288766	-0.820988	-0.492537
-0.899767	-0.090587	0.426864
-0.659696	-0.713722	0.235379
0.125590	0.020107	0.991878
0.408928	-0.034091	0.911930
-0.218899	-0.940298	-0.260620
0.295874	-0.808816	-0.508209
0.692888	-0.577794	-0.431347
-0.492954	-0.823974	0.279397
-0.561228	0.815781	0.139730
0.910625	-0.057283	-0.409244
0.163513	-0.269644	-0.948976
-0.926136	0.011096	0.377027
0.677363	-0.529155	0.511052
-0.990778	0.131777	-0.031515
0.411229	-0.800420	-0.436140
-0.978132	0.154907	0.138789
0.386039	0.718259	0.578859
-0.964731	-0.014786	-0.262821
0.982036	-0.039271	-0.184562
0.205243	-0.514334	-0.832668
-0.504452	-0.673124	-0.540770
-0.526008	0.776653	-0.346592
0.172933	0.393552	-0.902890
0.309665	0.628929	0.713131
-0.460043	-0.721282	-0.517796
0.582524	-0.278141	0.763743
-0.150063	-0.551168	-0.820789
-0.906341	0.399956	-0.136311
-0.792692	-0.178191	0.582999
-0.510138	-0.851458	0.121570
-0.970280	-0.230683	-0.073086
0.817837	-0.306282	-0.487169
0.132638	0.669181	0.731166
0.409604	-0.687991	0.599077
-0.009563	-0.563763	-0.825881
0.765292	-0.643287	-0.022599
-0.125305	-0.236074	0.963622
0.752916	0.642712	0.141555
-0.086439	0.557328	-0.825781
-0.466613	0.719079	-0.514974
0.619279	-0.695413	0.364548
-0.119314	0.885849	-0.448371
-0.163751	0.598056	0.784547
0.305962	0.872714	0.380470
0.078960	-0.908365	0.410656
-0.601475	-0.767271	-0.222536
0.137756	-0.517910	-0.844271
-0.879861	0.281577	0.382830
-0.379106	0.053465	0.923808
-0.420268	-0.420446	-0.804114
-0.308389	0.582027	-0.752424
-0.298038	0.918146	0.261116
0.519347	-0.713196	0.470776
-0.656988	0.361363	0.661652
0.260831	0.280678	0.923681
0.073384	-0.856525	-0.510861
-0.361097	-0.903783	0.229749
0.890568	0.340676	0.301379
-0.003479	0.266969	-0.963699
-0.232444	-0.356605	-0.904877
0.072983	-0.446490	0.891807
0.789123	0.368491	0.491425
0.337347	-0.296169	0.893577
-0.525473	0.819915	-0.227195
0.662349	-0.206640	0.720135
0.002806	-0.551978	0.833854
-0.137897	-0.894687	-0.424876
0.659753	-0.096489	-0.745262
-0.637963	-0.024204	-0.769687
0.162033	-0.792291	-0.588234
0.875907	-0.339808	-0.342516
0.043205	0.264400	0.963445
0.670630	-0.675870	0.305705
0.263613	0.549532	-0.792794
-0.514851	0.498783	-0.697240
-0.876545	-0.438317	0.198864
-0.248980	-0.800662	0.544930
-0.816269	0.268887	-0.511277
0.639209	-0.151136	-0.754035
0.480504	-0.629403	-0.610711
0.176102	-0.930459	0.321302
0.574666	-0.241176	0.782044
-0.497903	-0.116956	-0.859310
0.645661	-0.209615	0.734291
-0.462397	0.127913	-0.877398
0.180389	0.969480	0.166036
0.723364	-0.305911	-0.619002
0.975055	-0.047703	0.216776
0.985725	-0.145626	-0.084488
-0.988627	-0.121601	0.088484
-0.480504	-0.814577	-0.324931
0.107824	0.968665	-0.223745
-0.464709	-0.492662	-0.735752
-0.562269	0.020308	-0.826705
0.803524	0.564385	-0.189260
0.797667	0.534672	0.279023
0.728184	0.407856	-0.550819
-0.981513	0.141626	0.128743
-0.682812	-0.195771	-0.703876
-0.085214	-0.829258	-0.552331
-0.133336	0.939587	0.315274
0.598927	0.054500	-0.798947
0.089392	0.355541	0.930376
0.971347	0.107164	0.212136
-0.587568	-0.672345	-0.450239
-0.477591	0.878194	0.026127
-0.615927	0.721979	-0.315248
-0.432924	0.847007	-0.308473
-0.047806	0.666709	0.743783
0.247441	0.381763	0.890522
0.409110	0.912111	0.026141
-0.855692	0.176983	-0.486281
0.065913	-0.995557	-0.067240
-0.481540	-0.857334	-0.181930
0.369750	-0.603409	-0.706529
0.572815	0.336463	-0.747446
0.334725	-0.341438	0.878282
0.877239	0.381688	-0.291145
0.080525	-0.163109	-0.983316
0.012530	0.821918	0.569468
-0.146489	0.044064	-0.988230
-0.813643	-0.276171	0.511581
-0.007999	0.982534	0.185909
0.804174	-0.580672	-0.126979
-0.193773	-0.498004	0.845248
0.874921	-0.188509	0.446070
-0.506077	0.850477	0.143438
-0.286285	-0.053470	-0.956651
0.650250	0.710676	-0.268543
0.883234	0.222361	0.412861
-0.274334	0.620989	-0.734243
0.176274	-0.978376	-0.108207
0.564436	0.636208	-0.525977
0.741770	0.006029	0.670627
-0.459700	0.596115	0.658273
0.847495	0.025797	0.530177
-0.584971	-0.801613	-0.123393
0.771950	-0.503140	-0.388514
-0.002564	0.683479	-0.729965
-0.934111	-0.141060	0.327931
-0.990948	0.104084	-0.084781
0.875690	-0.128800	0.465379
-0.053502	-0.638833	-0.767482
0.664673	-0.693171	-0.278788
0.987064	0.159671	0.014486
-0.606549	-0.558809	-0.565536
-0.393602	-0.477502	-0.785538
0.261189	0.648952	0.714592
0.838230	0.436309	-0.327117
0.109819	0.387716	0.915214
-0.664009	0.007851	-0.747684
-0.999439	0.032822	-0.006671
-0.043886	-0.995402	-0.085138
-0.745347	-0.150073	0.649566
-0.225129	-0.094205	0.969764
-0.358840	-0.296651	0.885004
0.921721	0.096680	0.375610
0.885054	0.122907	0.448970
-0.128018	-0.976421	-0.173822
0.102210	-0.846673	0.522204
-0.833055	0.013145	-0.553034
-0.797056	0.293940	-0.527542
0.971224	0.052887	0.232221
-0.979924	0.134241	0.147407
-0.051082	-0.126273	-0.990680
-0.376847	0.447599	-0.810951
0.954222	-0.208678	0.214275
-0.264099	-0.235774	-0.935234
-0.283255	-0.132734	-0.949815
-0.839935	-0.446583	-0.308339
0.766468	-0.270400	0.582589
0.704733	0.709383	-0.011284
-0.738304	-0.349085	0.577102
0.773217	0.415187	0.479328
0.798687	0.320847	0.509075
-0.220340	-0.865586	0.449679
-0.420443	-0.735859	-0.530791
-0.085758	-0.509811	-0.856002
0.594840	-0.198049	0.779065
-0.283066	-0.179469	0.942160
-0.962245	0.192790	-0.192135
-0.404734	0.701270	-0.586865
-0.510084	0.541058	-0.668633
0.345115	0.703121	0.621705
-0.791407	-0.157184	0.590736
-0.897779	0.222502	0.380113
-0.857739	0.503060	-0.105897
-0.837438	0.389479	0.383411
0.656209	-0.748886	0.092517
0.929205	0.363937	-0.064248
0.374981	-0.102064	0.921397
0.989638	-0.141044	0.026898
0.623380	0.781055	-0.036738
0.386715	0.371509	0.844057
-0.886774	-0.054397	-0.458992
0.751046	-0.105898	-0.651702
0.562908	0.055408	0.824660
0.749187	-0.655550	0.094729
0.257186	0.327130	-0.909308
-0.811794	0.142460	-0.566300
-0.957932	0.173875	-0.228328
-0.709232	-0.360454	-0.605857
0.781761	-0.032278	-0.622742
-0.164623	0.065300	0.984193
-0.909245	0.103557	-0.403174
-0.485020	-0.372057	-0.791410
-0.792196	0.207432	-0.573932
-0.541581	0.821968	-0.176233
-0.896981	-0.199051	0.394721
0.809624	-0.196144	0.553206
0.675771	-0.723573	-0.140627
-0.271506	-0.621463	0.734893
0.262179	-0.913374	0.311465
-0.638759	0.583161	-0.501906
-0.555061	0.603700	-0.572235
0.893640	-0.045577	-0.446464
0.466660	0.323062	-0.823322
-0.852535	0.266067	-0.449880
0.582883	-0.591922	-0.556664
-0.220458	-0.760520	0.610744
0.189126	0.859005	-0.475754
0.128335	-0.028734	-0.991315
0.783480	0.260187	-0.564324
-0.022996	-0.526639	0.849778
0.573515	-0.721566	0.387844
-0.836330	-0.546912	-0.037934
-0.806892	0.578670	0.118603
-0.279480	0.463013	-0.841136
-0.398238	0.788415	-0.468838
0.818889	0.278485	-0.501863
-0.459365	-0.881745	0.107286
0.794989	-0.078081	0.601578
-0.351602	0.934544	-0.054812
0.929387	0.335807	0.153214
-0.159312	-0.946763	-0.279750
0.091120	0.859148	0.503550
-0.788623	-0.259244	-0.557553
0.050878	0.095002	-0.994176
-0.331081	-0.712764	0.618347
0.161858	0.129977	0.978217
0.312135	0.449997	-0.836705
-0.943193	-0.193805	-0.269865
-0.654604	0.726702	-0.208322
0.919206	-0.357875	-0.164274
-0.513261	-0.427326	0.744282
0.796335	-0.431350	-0.424014
-0.197500	0.975796	0.093896
-0.817761	-0.522389	0.241612
-0.516280	0.508780	0.688910
0.300724	0.340937	-0.890689
0.777866	0.263306	0.570608
0.535240	-0.245218	-0.808323
-0.281388	0.360685	-0.889229
0.177341	0.881520	-0.437577
0.888485	0.092800	0.449424
-0.002949	-0.229413	-0.973325
-0.027402	0.344996	0.938204
-0.217239	-0.821387	0.527381
-0.417734	-0.902415	0.105570
-0.961620	-0.257559	-0.094609
-0.843192	-0.473135	0.255285
-0.313436	0.750654	0.581616
-0.739295	0.446574	0.503999
-0.877848	-0.459415	0.135355
0.847459	0.269026	0.457644
0.396365	-0.181753	-0.899923
-0.652338	-0.033089	-0.757206
0.036133	-0.940502	-0.337863
0.536243	0.832983	0.136316
0.448149	-0.873163	-0.191702
0.327504	0.919364	0.217970
0.526399	0.554174	0.644821
0.621458	-0.667788	-0.409695
-0.599089	-0.800436	0.019845
-0.009710	0.784753	0.619733
0.259759	-0.896166	-0.359738
0.434307	0.133854	0.890764
-0.379564	0.109764	-0.918631
-0.340139	-0.925029	0.169195
-0.187183	0.174300	0.966738
-0.411725	-0.245566	-0.877599
0.976985	0.209894	-0.038011
-0.977677	0.157971	0.138536
-0.286026	0.318776	-0.903643
-0.192443	0.499243	0.844821
-0.389809	0.462929	-0.796081
0.681141	0.014016	0.732018
0.707477	0.550523	0.443170
-0.203100	-0.917874	0.340964
-0.652275	0.749881	-0.110527
-0.082919	-0.945765	-0.314091
-0.755786	0.102998	0.646667
0.625273	-0.361405	-0.691679
0.724972	0.563268	0.396415
-0.822030	0.083725	0.563256
0.333979	0.899601	-0.281382
-0.600313	-0.785353	-0.151142
-0.606784	0.785621	0.120882
0.267981	0.764912	-0.585744
-0.693432	0.111313	-0.711872
0.767209	0.487045	-0.417347
-0.295030	0.332408	0.895803
-0.478766	-0.054868	0.876226
-0.646758	-0.423710	-0.634172
-0.103339	0.556747	0.824229
0.031985	0.177249	0.983646
-0.051016	0.885731	-0.461388
-0.606686	-0.792536	0.061789
0.263309	-0.744627	-0.613351
0.772564	-0.150514	-0.616839
0.532887	-0.710105	-0.460197
0.819641	-0.513457	0.254067
0.507298	0.221493	0.832820
0.614332	0.654429	0.440817
0.747896	-0.553058	-0.367123
-0.303278	-0.904077	-0.301111
-0.239859	0.959521	0.147601
0.683902	-0.493963	-0.536916
0.825128	0.128425	-0.550155
-0.294791	-0.940867	-0.166937
0.432729	0.869073	0.239701
0.739209	0.020146	0.673175
0.484769	-0.765276	0.423499
-0.270634	0.798344	-0.537963
-0.351722	-0.845451	0.401876
0.098103	0.285432	-0.953365
0.130539	-0.556228	0.820713
0.289820	0.956981	0.013854
-0.581934	-0.668447	0.463175
-0.467526	-0.564014	0.680667
-0.614421	-0.555600	-0.560175
0.048940	0.275119	0.960164
-0.463256	0.866485	-0.186007
0.011047	0.996329	-0.084890
-0.302332	0.795883	-0.524563
-0.443230	-0.338333	-0.830107
-0.678643	-0.280757	0.678690
0.050914	0.760232	0.647653
-0.572268	-0.525890	-0.629245
-0.852261	0.050169	-0.520706
0.488090	0.430584	-0.759187
-0.384208	0.897035	0.218431
-0.572909	-0.648433	-0.501308
0.282647	0.955366	0.085939
0.264428	-0.953772	-0.142818
-0.344168	-0.938717	-0.018929
0.151474	-0.717550	-0.679837
0.257579	0.750644	-0.608430
-0.123910	-0.558410	0.820259
0.080209	0.369206	0.925880
-0.317213	0.810629	0.492195
0.993048	0.116561	-0.016416
0.915830	-0.381936	-0.124014
-0.250106	-0.632003	-0.733498
0.983210	0.114913	-0.141753
0.707978	0.658482	0.255281
0.360560	-0.740809	-0.566744
-0.724151	0.513631	0.460204
-0.471419	-0.873629	0.120571
-0.012125	-0.477496	-0.878550
-0.629449	0.519745	0.577633
-0.551675	0.491199	0.674076
0.796098	-0.067303	-0.601414
-0.240167	0.209314	0.947896
0.673596	-0.623522	-0.396848
0.166113	0.521975	-0.836629
0.017870	0.980919	-0.193596
-0.826636	0.460993	0.322736
0.703869	0.046793	0.708786
-0.635523	-0.053652	0.770215
0.214312	-0.975848	-0.042315
0.577022	0.567450	-0.587406
-0.405291	0.486888	-0.773744
-0.911908	-0.395999	0.107739
0.807724	0.578740	-0.112438
-0.466034	0.687665	-0.556713
0.440994	-0.771156	0.459176
-0.736765	0.670747	-0.085300
0.741082	-0.613473	0.272852
0.508586	0.849716	-0.139009
0.376846	0.088384	0.922050
0.971918	-0.144583	0.185666
0.962906	0.219214	0.157344
0.593088	0.735773	-0.326933
0.621322	0.779288	-0.081662
0.803656	-0.082853	-0.589298
-0.373537	0.862700	-0.340910
-0.674934	-0.734160	0.073980
0.190666	-0.954937	-0.227467
-0.585730	-0.413688	-0.696981
0.639862	-0.724907	0.255119
0.960984	-0.222565	0.164240
-0.050234	-0.978153	0.201724
-0.715085	0.038354	-0.697984
-0.146622	-0.967126	-0.207770
-0.656126	0.317365	0.684674
0.525046	-0.848089	-0.071213
0.768432	0.063523	-0.636771
0.854299	0.285286	0.434493
0.202761	0.885772	-0.417488
-0.024938	0.106039	0.994049
-0.975153	0.034303	-0.218861
0.735993	0.527286	0.424598
0.963949	0.261169	-0.050913
-0.174326	-0.887039	-0.427519
0.271184	-0.094681	0.957859
0.348531	0.480254	0.804911
0.241370	0.430192	0.869871
-0.332465	-0.200799	0.921492
-0.483492	0.862283	0.150674
-0.193942	0.825271	-0.530390
0.191385	0.651531	0.734084
-0.727122	-0.625295	-0.283371
0.227844	0.926706	0.298836
-0.570874	-0.812029	-0.121290
-0.631534	-0.591218	0.501624
-0.099605	-0.985835	-0.134935
-0.039971	-0.791290	0.610133
-0.612744	0.789885	0.025028
0.108742	0.933623	-0.341355
0.388182	0.633727	-0.669107
0.630477	0.658722	0.410589
0.925458	0.123783	0.358057
-0.604659	0.757702	0.245509
-0.648570	0.398267	0.648645
0.755748	-0.565075	0.330962
0.492661	-0.341038	-0.800611
0.369323	0.927947	-0.050146
-0.342363	-0.932341	0.116312
-0.014331	-0.930490	-0.366037
-0.988724	-0.030008	-0.146712
-0.140082	0.119233	-0.982935
0.015466	-0.931038	0.364596
-0.869288	0.229940	-0.437568
-0.727890	-0.586211	0.355716
-0.917699	0.345355	-0.196365
-0.033940	-0.272167	0.961651
0.107648	0.902046	-0.418002
0.127404	-0.300406	0.945264
-0.595413	-0.102562	-0.796847
-0.803132	-0.139972	0.579125
0.708104	-0.401253	-0.581021
0.546131	-0.660547	-0.515188
0.721604	-0.411783	0.556527
-0.202558	-0.834269	-0.512801
0.109367	0.500438	0.858837
-0.781928	0.395873	0.481532
0.540986	0.220094	0.811722
0.971394	-0.211479	0.108029
0.121269	-0.863554	0.489458
-0.178723	0.961405	0.209188
-0.611697	0.424164	-0.667766
0.518400	-0.853000	-0.060436
-0.444307	0.249974	-0.860293
-0.346956	0.494173	0.797129
-0.708927	0.616287	0.342947
-0.194787	0.701775	0.685251
0.835076	0.536077	0.123574
0.307132	-0.884396	0.351446
-0.343387	0.916843	0.203676
0.954356	0.184173	0.235127
0.725929	-0.486555	-0.486098
0.877381	0.383846	-0.287864
-0.066025	0.924382	-0.375710
0.181516	-0.712770	0.677504
-0.845708	0.526682	-0.085931
-0.540371	0.463775	0.702077
0.510347	-0.859948	-0.005968
0.963764	-0.082142	-0.253793
-0.891804	-0.409997	-0.191280
-0.792700	-0.432321	0.429797
-0.545142	0.779944	0.307422
-0.707209	0.519604	0.479444
-0.902120	-0.390808	-0.182892
0.834187	0.089284	-0.544206
-0.337088	0.940482	-0.043188
-0.868259	-0.432507	-0.243029
-0.497175	-0.841326	-0.212106
-0.663012	-0.010111	-0.748541
0.529682	-0.842053	-0.101904
0.819991	0.200779	0.536006
-0.364178	-0.064625	0.929084
0.966990	-0.186192	-0.173963
-0.553937	-0.687818	0.469106
0.335290	-0.860904	-0.382655
-0.457957	-0.746584	-0.482585
-0.737436	-0.588670	0.331143
-0.726417	-0.204844	0.656016
0.360501	-0.200659	-0.910920
0.149181	-0.855480	0.495881
0.358233	0.653723	0.666570
-0.128828	0.789624	-0.599915
0.141858	-0.109118	0.983854
0.112031	0.206324	0.972049
-0.685069	0.394932	0.612136
0.412716	0.279239	0.867001
-0.971736	-0.213986	0.099693
-0.228838	-0.234033	0.944913
0.975860	-0.202126	-0.082720
0.133598	0.447259	0.884370
-0.157332	0.907012	0.390610
0.730479	0.155117	0.665086
0.371373	0.864731	0.338115
-0.116552	0.988978	0.091317
0.785967	0.514515	-0.342827
0.891705	0.407491	0.197010
0.427735	0.052446	-0.902381
-0.265539	-0.295604	-0.917664
-0.651777	-0.754648	-0.075456
0.048859	0.892439	-0.448515
-0.442344	-0.799145	-0.407060
-0.830189	0.372439	-0.414821
-0.639838	-0.244516	-0.728574
-0.666085	-0.425314	0.612730
-0.038606	-0.996290	0.076908
-0.072625	0.969215	0.235262
-0.800570	0.080779	-0.593770
0.306806	-0.919274	0.246587
0.898335	-0.417702	-0.136087
0.099965	-0.329403	-0.938883
0.730638	0.640480	-0.236547
-0.165655	0.782804	0.599813
0.040654	-0.028087	0.998778
0.483202	-0.749320	0.452808
0.716626	-0.685738	-0.127321
-0.814948	-0.004017	0.579520
-0.973047	0.211824	0.091163
0.008744	-0.768034	0.640349
0.678674	0.119737	0.724613
0.853248	-0.431363	0.293075
-0.457351	0.149058	0.876705
-0.756419	0.326454	0.566796
0.038157	-0.464332	0.884839
-0.413009	-0.871009	0.266020
0.829555	-0.545340	-0.120179
0.699987	-0.043999	-0.712799
0.951987	-0.043858	-0.302982
-0.179213	-0.411045	0.893826
0.180736	0.472375	-0.862668
0.385327	-0.916210	-0.109921
-0.041455	-0.951901	-0.303588
0.047654	0.704652	-0.707951
-0.962885	0.113476	0.244898
0.718212	-0.359537	0.595738
0.848153	-0.292244	-0.441848
0.997319	-0.021647	-0.069899
0.640641	-0.530820	-0.554805
0.526443	-0.310157	0.791619
-0.483349	0.875042	-0.026003
0.095398	0.990848	0.095497
-0.903513	-0.138807	-0.405460
-0.477300	0.858957	-0.185412
0.866490	0.377382	0.326768
0.384411	-0.916684	0.109172
-0.900550	0.434708	0.006194
-0.107308	0.985496	-0.131464
-0.715241	-0.590569	-0.373709
0.721541	0.338624	0.603915
-0.758906	-0.551023	0.347039
-0.229578	0.964662	-0.129314
0.373380	-0.927622	-0.010207
0.199575	-0.402943	0.893200
-0.654968	0.678429	-0.332792
0.953601	-0.181264	0.240394
0.648446	0.308419	-0.695985
0.549232	0.726228	0.413445
-0.790020	-0.122563	0.600705
0.797550	-0.566030	-0.208625
-0.784748	-0.541017	-0.302443
0.872198	0.421613	-0.248018
-0.639313	-0.362642	-0.678063
-0.600006	-0.799992	-0.002346
-0.083356	-0.437935	0.895134
0.333754	0.141135	0.932035
0.150954	-0.818093	-0.554920
-0.469289	0.659894	0.586778
0.218659	0.458612	0.861315
0.621509	-0.700123	-0.351502
0.439841	0.451334	-0.776426
-0.498014	-0.100240	-0.861356
-0.155514	-0.188130	0.969754
-0.918371	-0.329217	-0.219568
0.742488	0.448252	-0.497777
0.583477	0.801346	-0.131910
-0.648102	-0.312777	-0.694359
-0.056437	-0.997665	0.038474
0.239896	-0.119809	0.963377
0.622527	0.063918	0.779984
0.640706	0.048955	-0.766224
-0.595189	-0.773203	-0.218876
-0.753576	-0.576040	-0.316704
0.844934	0.369035	0.387170
-0.428809	0.458825	-0.778204
-0.931053	-0.179618	-0.317612
0.886301	0.176430	-0.428185
-0.154318	0.265624	-0.951646
0.800093	0.152418	-0.580190
0.539567	-0.243434	-0.805982
-0.483255	0.029792	-0.874972
0.158746	0.763425	-0.626084
-0.652660	0.295641	-0.697590
0.365182	-0.137941	-0.920660
-0.149167	0.890760	0.429296
-0.171652	0.604114	-0.778192
0.581599	0.753193	0.307315
-0.355767	0.106126	0.928529
0.329644	0.749805	-0.573696
-0.164768	0.917078	0.363070
-0.626642	0.743102	0.234773
-0.340762	0.939958	-0.018965
-0.725636	-0.477382	0.495538
0.697688	0.116707	-0.706832
0.940847	-0.308002	-0.141217
-0.060158	-0.887413	-0.457034
-0.271017	-0.691585	0.669522
0.511705	-0.649869	-0.561986
0.699202	-0.433506	0.568497
-0.873895	-0.478535	-0.085507
-0.068088	-0.992483	-0.101692
0.896130	0.122901	-0.426434
-0.445853	0.290177	0.846766
0.747148	0.447857	0.491115
0.843391	-0.393330	0.366036
0.558331	0.607421	-0.565072
0.711404	0.438942	-0.548848
0.709884	-0.202376	0.674618
-0.615489	0.022162	0.787834
0.874505	0.430888	0.222659
0.175547	-0.400356	-0.899388
0.246156	-0.880984	0.404073
0.287826	-0.760768	0.581712
-0.316504	-0.630213	0.708983
0.753342	-0.088302	-0.651674
0.717413	-0.005239	0.696629
-0.200715	0.570928	-0.796087
0.745290	0.211993	0.632141
0.300828	-0.616307	0.727783
0.252343	-0.041971	0.966727
0.884867	-0.434412	-0.168219
0.604924	-0.410685	-0.682205
0.226312	0.756354	-0.613768
-0.124359	0.167012	0.978081
0.197700	0.365293	0.909657
-0.827243	0.471139	-0.306099
0.702361	-0.623993	-0.342524
0.113763	-0.984044	-0.136806
-0.521542	-0.846473	0.107135
-0.194143	-0.893450	-0.405037
0.487952	-0.747589	-0.450570
0.413916	0.849360	-0.327508
0.917553	-0.365616	0.156274
0.067426	0.915451	0.396742
0.252977	0.837091	0.485059
0.235211	-0.354442	-0.905012
-0.090499	-0.059518	-0.994117
0.365770	-0.213458	0.905896
0.127647	-0.043315	0.990873
-0.785275	-0.114919	-0.608388
0.727249	0.023961	0.685956
-0.557702	0.650016	0.516186
-0.905410	0.228507	0.357794
0.108590	-0.977635	0.180108
-0.098013	0.740548	0.664818
-0.285990	0.842379	-0.456736
-0.916561	-0.379394	-0.126399
0.694144	-0.716756	0.066519
0.542059	-0.068303	-0.837560
0.462525	-0.226142	0.857281
0.129481	-0.415946	0.900124
-0.115801	0.554298	-0.824223
-0.530081	-0.005659	-0.847928
0.201166	-0.962904	0.179854
0.110564	0.404964	-0.907623
0.611816	0.036579	-0.790154
-0.704540	0.553187	0.444532
0.178358	0.660766	-0.729093
0.601560	0.635567	-0.483922
0.634817	-0.086819	-0.767769
-0.273884	-0.935613	-0.222745
0.518977	0.452976	0.724897
0.328569	0.368773	0.869511
-0.481308	-0.668273	-0.567234
-0.580017	-0.671732	0.460821
0.851003	0.433662	0.296194
-0.824486	0.213215	0.524177
-0.741253	-0.309312	-0.595709
0.210042	-0.736477	-0.643027
-0.212811	-0.767478	-0.604723
-0.715215	0.682878	-0.148809
0.704974	0.369087	-0.605629
0.145632	-0.356871	-0.922732
-0.791727	-0.324353	0.517652
0.656202	-0.502067	-0.563319
0.219476	-0.611904	-0.759871
0.243868	0.345677	-0.906110
0.082440	-0.443636	-0.892407
-0.470882	-0.869800	-0.147375
-0.645211	0.603124	-0.468982
0.984771	-0.159214	-0.069840
-0.326440	0.114607	-0.938244
0.137990	-0.678053	-0.721944
-0.175722	0.271892	0.946148
0.191429	0.843153	-0.502441
0.720258	-0.543045	-0.431661
-0.459686	-0.464398	-0.756983
-0.216010	-0.553002	-0.804691
-0.864554	-0.491728	-0.103686
-0.216272	-0.511470	-0.831640
-0.729763	0.518920	-0.445161
0.867706	0.302113	0.394734
0.279914	0.026023	0.959672
-0.827288	-0.561745	-0.006100
-0.319452	0.695903	0.643172
-0.865352	-0.498890	-0.047693
-0.965140	0.127937	0.228337
0.448725	0.021149	0.893420
-0.732369	-0.637334	0.239668
0.038856	-0.473700	0.879829
-0.808751	-0.229636	0.541469
-0.738229	0.671480	0.064290
0.577535	-0.407009	-0.707669
-0.027439	0.987637	0.154339
0.181367	0.291363	-0.939262
-0.323520	0.827051	-0.459698
-0.583237	-0.183983	-0.791192
-0.554065	0.716989	-0.423011
-0.831931	-0.383380	-0.401136
-0.556026	0.219855	-0.801560
0.161910	0.883426	-0.439709
0.069250	0.362991	0.929216
-0.553455	0.515275	-0.654354
0.694497	0.199897	-0.691169
-0.861808	0.373934	-0.342724
-0.095830	-0.845871	-0.524708
0.617173	-0.505380	0.603066
-0.677583	0.735395	0.008735
-0.149817	0.877749	0.455094
-0.517798	0.837299	-0.175546
0.645571	0.763287	-0.025121
-0.331733	-0.641164	-0.691998
-0.884354	-0.464009	0.051116
-0.419191	-0.888581	0.186288
-0.287192	-0.917712	0.274454
-0.028562	-0.302724	-0.952650
0.252590	0.864374	-0.434804
0.972648	0.231690	0.016608
-0.811877	0.565242	-0.146141
-0.723542	0.270513	0.635067
0.017499	-0.975930	0.217380
0.466475	0.806924	-0.362318
-0.125460	-0.419297	0.899138
0.677005	-0.141133	-0.722320
-0.918509	0.089540	0.385128
0.835626	-0.302897	0.458239
0.098710	-0.844307	-0.526689
0.492145	-0.653873	0.574669
-0.674939	0.699285	0.235496
0.065106	-0.016516	0.997742
0.739576	0.236978	-0.629975
0.420248	0.896697	-0.139019
-0.101861	0.789102	0.605758
-0.436681	-0.105671	0.893389
-0.379919	0.890409	0.250666
0.621880	0.405980	0.669661
0.414034	0.066422	-0.907835
0.194877	0.766055	0.612521
-0.877151	-0.423658	-0.226096
-0.622659	-0.369962	0.689510
0.542002	-0.437347	0.717608
-0.727265	0.260747	-0.634899
0.083689	-0.515534	0.852772
0.548007	-0.818857	-0.170767
0.012270	-0.641186	-0.767288
0.457732	0.766594	0.450351
-0.018271	0.861954	-0.506657
-0.701613	-0.709293	-0.068129
0.147260	-0.232716	0.961331
0.618064	-0.086641	-0.781339
-0.534289	-0.703160	0.469150
0.591232	-0.438877	0.676632
-0.437932	-0.881036	0.178862
-0.278096	0.123262	-0.952612
0.287819	-0.948274	0.133926
0.857323	0.328793	-0.396095
-0.012007	0.662113	-0.749308
-0.580312	0.810073	-0.083782
-0.686711	-0.569570	0.451684
0.760250	-0.579017	0.294550
0.479677	-0.413479	0.773916
-0.727812	0.055786	-0.683504
-0.019340	0.813997	0.580547
-0.537149	0.791345	0.291965
-0.472159	-0.147531	-0.869080
0.777333	-0.182253	-0.602110
-0.471636	-0.824085	0.313756
-0.451456	0.668632	0.590862
-0.874518	0.146641	0.462294
-0.959274	-0.176695	-0.220390
-0.478762	-0.608199	0.633151
0.643158	-0.764472	0.043939
-0.007744	-0.918784	-0.394684
0.185197	0.947171	0.261858
-0.997177	-0.056419	-0.049541
0.426540	0.196929	-0.882770
-0.192222	0.881623	0.431035
-0.207873	0.861358	0.463521
-0.689583	0.702340	-0.176618
0.440139	-0.132488	0.888101
-0.743793	-0.583930	-0.325266
-0.434857	0.890294	-0.135189
-0.093786	-0.995119	0.030691
-0.579473	-0.560821	-0.591346
0.621577	-0.217807	0.752464
0.324609	0.940717	-0.098389
0.896052	-0.038926	0.442239
0.074236	0.836913	-0.542278
-0.650125	-0.419718	0.633383
0.162880	0.055856	-0.985064
0.023364	-0.998685	0.045636
0.167394	0.167920	-0.971484
-0.896092	-0.394701	0.203050
-0.194460	-0.426051	-0.883553
-0.682873	-0.443133	-0.580791
0.515336	0.186734	-0.836396
0.860424	0.006881	-0.509533
-0.662204	-0.669817	0.335905
-0.256381	0.765580	0.590048
0.394054	0.677078	0.621520
0.820280	0.501129	0.275702
0.281462	-0.078518	-0.956355
-0.147464	0.988850	-0.020724
-0.246595	-0.967894	0.048710
0.305185	0.767959	-0.563117
-0.403535	-0.262806	0.876409
0.822424	0.223957	0.522937
-0.709382	0.680314	0.184255
0.114321	0.884468	0.452379
0.574589	0.789557	0.215515
-0.359852	-0.862204	-0.356525
-0.309707	-0.790842	0.527874
0.345209	-0.521824	0.780083
-0.608961	-0.730437	0.309237
-0.230248	0.078492	-0.969961
-0.252558	0.453666	-0.854636
-0.048724	-0.841596	-0.537905
-0.570145	-0.705471	-0.421005
0.657276	0.716820	0.232715
-0.741884	0.597958	-0.303403
0.313921	-0.002663	-0.949445
0.058180	0.687998	0.723376
-0.567179	0.726884	-0.387230
0.521407	0.551388	0.651234
-0.481300	0.391295	-0.784372
0.429695	-0.895797	0.113619
-0.202413	0.051067	-0.977968
-0.443890	-0.765519	-0.465771
-0.306924	0.503640	0.807555
-0.144052	0.963874	0.224043
-0.330469	0.915792	-0.228287
0.021081	0.881825	-0.471105
0.252700	-0.382306	-0.888811
0.119965	0.894317	0.431052
-0.397401	0.615263	0.680826
-0.076644	0.836073	0.543238
-0.373555	0.601042	0.706544
-0.959174	-0.042660	-0.279579
0.266046	0.373860	-0.888509
0.570103	-0.362608	0.737223
0.042718	0.707718	-0.705202
-0.195532	0.786650	-0.585619
-0.643248	0.082050	-0.761249
0.183517	-0.710220	-0.679639
-0.282261	-0.468689	-0.837054
0.164685	-0.954545	-0.248439
-0.449377	-0.003412	-0.893336
0.183863	-0.268702	0.945512
0.215985	0.347906	-0.912311
0.036766	-0.997207	0.065016
-0.574748	0.187191	-0.796633
-0.000617	-0.985224	0.171272
-0.740222	-0.525851	0.418989
-0.234770	-0.657674	-0.715785
0.866349	0.061226	-0.495672
0.903410	-0.298293	0.308014
0.613310	-0.237710	0.753223
0.546293	0.345254	-0.763127
-0.691574	0.630591	-0.352250
-0.034908	-0.476068	-0.878715
-0.112820	0.976208	0.185174
0.486199	0.678114	0.551155
0.738745	0.054706	0.671762
0.601069	-0.798237	0.039168
0.255700	-0.900031	0.352932
0.676006	0.722489	-0.145002
0.903370	-0.196844	0.381017
0.031036	0.993481	-0.109690
-0.946243	-0.225780	0.231618
-0.796318	-0.532361	-0.287176
-0.196289	0.641042	-0.741981
0.070137	0.838889	-0.539765
-0.499228	0.128388	-0.856906
0.840731	-0.377523	0.388133
-0.549602	0.235689	-0.801491
-0.265349	0.088348	-0.960096
0.778389	-0.072016	0.623638
-0.149566	0.437598	-0.886644
0.708747	0.705363	-0.011854
-0.775429	0.487672	-0.401107
0.187311	0.731922	0.655137
-0.008785	0.987217	0.159139
0.162752	-0.973206	0.162428
0.117008	0.765858	-0.632274
0.573509	0.162811	0.802858
-0.790522	-0.191392	-0.581759
0.438539	-0.012199	0.898629
-0.578526	0.744539	0.333120
-0.036358	-0.567206	0.822773
0.590838	0.750032	0.297258
0.000231	-0.775548	0.631289
-0.854782	-0.305579	0.419486
0.832019	0.124759	0.540536
-0.753517	0.586240	0.297547
0.686242	0.646926	-0.332504
-0.883365	0.467359	0.035234
0.138098	-0.818922	-0.557042
0.491907	-0.320663	-0.809446
0.995263	0.015078	-0.096045
0.872812	0.346726	0.343481
0.966739	0.216264	0.136550
-0.550671	0.693110	0.465145
-0.552805	-0.722736	-0.414801
-0.670921	-0.159540	-0.724163
-0.024819	0.962471	-0.270246
-0.167842	0.937130	0.305969
-0.628485	-0.777587	0.019111
0.171490	0.763160	-0.623040
-0.461260	-0.845824	0.267994
-0.663773	-0.731281	0.156952
0.115376	-0.435528	0.892751
-0.358472	0.169302	-0.918060
-0.177026	0.854602	-0.488177
0.367567	0.814726	0.448460
-0.928750	-0.026891	-0.369730
-0.448008	-0.693226	-0.564558
0.615692	0.730081	0.296488
-0.304082	0.915068	-0.264924
0.932983	-0.026344	-0.358954
0.101171	-0.062268	-0.992919
-0.781597	0.532047	-0.325626
0.751417	-0.154385	0.641512
0.475531	-0.350807	-0.806724
-0.892323	0.451378	0.004096
0.366389	0.928621	0.058503
0.942564	0.333495	-0.018825
-0.344994	0.294980	-0.891048
-0.612534	0.386704	-0.689392
0.524449	-0.311503	-0.792413
-0.533638	0.820594	-0.204588
0.723266	0.635747	-0.269651
-0.921802	0.231590	-0.310882
0.566682	-0.085092	0.819531
-0.268522	0.948798	-0.166369
