0.144605	-0.114591	0.982832
-0.965016	0.258625	-0.043104
0.255612	0.949702	0.180913
-0.391087	-0.186310	-0.901299
-0.576735	0.314751	-0.753862
-0.602171	-0.685184	-0.409772
0.638486	0.178628	-0.748617
0.064303	0.757217	0.649991
0.388531	0.920683	0.037222
-0.999128	-0.011167	-0.040226
0.964988	-0.001601	0.262290
0.473307	-0.878630	-0.063161
-0.524221	-0.541641	-0.657129
-0.807068	-0.283913	-0.517721
0.737457	0.535332	0.411798
-0.037075	-0.254490	-0.966364
0.208638	-0.810429	0.547426
0.864448	-0.381150	0.327802
-0.075438	0.003328	-0.997145
-0.532635	-0.117093	-0.838206
-0.250533	-0.686366	0.682740
0.401837	-0.852279	-0.334883
0.852612	-0.442189	0.278426
0.303513	0.000700	0.952827
-0.237166	-0.940038	-0.245114
-0.253030	0.966422	0.044780
0.803792	0.483894	-0.346072
0.887232	-0.359500	-0.289100
-0.767353	0.638442	0.059673
0.786361	-0.610212	0.096316
0.433727	0.137489	-0.890493
-0.996709	0.079375	-0.016450
-0.239046	-0.756141	-0.609186
0.079991	-0.956301	-0.281230
0.159424	-0.853218	-0.496591
-0.854019	0.512222	-0.090991
-0.035550	0.976680	0.211734
-0.197240	-0.968158	0.154162
-0.473288	-0.760696	-0.444230
-0.687163	-0.471946	-0.552335
0.075507	0.895128	-0.439369
0.044629	-0.676806	-0.734808
0.280297	0.956890	-0.076126
-0.984277	0.155507	0.083768
-0.693647	0.305015	0.652549
-0.685312	-0.569944	0.453334
0.305196	-0.676945	-0.669777
0.597051	-0.681486	-0.423211
-0.643402	-0.315777	0.697366
0.623900	-0.519505	0.583835
-0.685247	-0.702571	0.191913
-0.646255	0.734825	0.205880
-0.214177	0.685126	-0.696226
-0.355683	-0.517501	-0.778256
-0.541728	-0.698242	-0.467962
-0.281800	0.936783	-0.207430
0.711294	0.472182	-0.520678
0.823182	-0.564988	-0.056211
-0.270703	-0.441815	0.855289
0.030725	-0.754222	-0.655900
-0.185178	-0.778681	0.599471
0.885446	-0.069318	0.459543
-0.776628	-0.159378	0.609465
0.820228	0.441389	0.363870
0.420245	0.190640	0.887159
0.447229	0.854586	0.263948
0.707063	-0.493593	-0.506387
-0.043810	-0.718644	-0.693997
0.972021	0.215528	-0.093396
-0.745610	0.453622	-0.488152
0.956665	-0.255488	-0.139704
-0.321998	-0.103903	-0.941021
-0.865577	-0.488240	0.111346
-0.689700	-0.692621	0.211164
-0.502980	0.566750	-0.652537
-0.743233	-0.647863	0.166968
0.964424	-0.098018	0.245517
0.857217	0.344579	-0.382680
-0.598574	-0.787744	-0.145496
0.541724	-0.778968	0.315822
0.819879	-0.043374	-0.570891
0.747266	-0.492194	0.446473
0.994286	0.049108	0.094779
-0.056413	0.151022	0.986919
0.484201	-0.754793	-0.442534
-0.299645	-0.697967	0.650427
0.846934	0.071575	-0.526858
-0.793990	-0.595868	-0.120504
0.857010	0.408763	-0.313761
-0.273952	0.952282	-0.134574
0.617427	-0.630006	-0.471038
0.164583	0.808000	-0.565728
-0.228663	0.156705	0.960810
-0.463202	0.308176	-0.830946
0.841428	0.011540	-0.540245
-0.733663	0.000122	-0.679514
-0.479579	-0.506814	-0.716341
-0.309887	-0.755494	-0.577234
0.318193	0.681269	0.659261
-0.346856	0.757295	-0.553350
-0.388462	-0.921355	0.014194
0.990658	0.129557	-0.042562
0.140109	-0.630384	0.763535
0.571367	0.330852	0.751050
-0.490174	-0.176231	-0.853623
-0.550700	-0.717783	-0.426048
0.240439	-0.943296	-0.228872
0.917405	-0.262781	0.298854
0.346879	0.122171	0.929919
-0.068281	-0.420100	-0.904905
0.628413	-0.518829	0.579580
0.268187	0.958955	0.092091
0.670630	-0.741474	0.021733
0.591751	0.805249	-0.037475
0.459632	-0.814042	-0.355069
0.016849	0.747585	-0.663952
0.290010	0.713749	0.637540
0.173622	0.082870	-0.981320
-0.243315	-0.857800	0.452745
0.959743	-0.130851	0.248537
0.067460	-0.912660	-0.403113
-0.966454	-0.127268	-0.223090
-0.057325	-0.591705	-0.804113
-0.348239	0.313896	0.883289
0.329410	-0.236346	0.914128
-0.443292	0.876803	-0.186302
-0.412172	-0.907725	-0.078416
-0.308945	0.942074	-0.130571
-0.414571	-0.348784	0.840524
-0.235437	-0.534956	-0.811414
0.042673	-0.626643	-0.778137
0.165926	0.986117	-0.006431
-0.044231	0.359561	0.932073
0.528033	0.813872	0.242474
-0.331305	-0.621122	-0.710243
0.053697	-0.605260	-0.794215
0.967624	0.137621	0.211574
-0.681552	-0.110754	0.723339
-0.332329	0.692430	-0.640389
0.277646	-0.312856	-0.908314
-0.061226	0.602432	0.795818
-0.808203	0.502856	-0.306503
-0.017657	0.976180	0.216244
-0.453994	0.142403	0.879552
-0.549772	0.826459	0.121314
0.428263	0.559181	-0.709864
-0.238583	0.047969	0.969937
0.024532	0.398694	-0.916756
0.943171	0.085776	0.321047
-0.957214	0.189261	0.218912
-0.052229	-0.850217	0.523835
-0.934444	-0.219672	0.280282
0.292282	-0.291918	-0.910689
0.185905	0.901714	-0.390322
-0.126508	-0.632518	-0.764145
-0.540815	-0.271462	-0.796132
0.484385	0.464082	-0.741619
0.066620	-0.621495	0.780580
-0.387380	-0.873728	0.294171
-0.764642	-0.626417	0.151405
0.999281	0.003209	0.037787
0.200471	0.001394	-0.979699
0.862989	0.457167	-0.215054
0.481123	-0.690083	0.540653
0.648954	0.579457	-0.493041
0.177830	0.885560	-0.429140
-0.559403	-0.589322	-0.582896
-0.846751	0.347258	0.403019
0.397849	0.596571	-0.697007
0.799244	0.469223	-0.375551
0.602380	-0.084360	0.793739
0.513926	0.455388	-0.726981
0.114034	0.334819	0.935357
-0.801578	-0.165584	0.574503
0.424738	0.902337	-0.073390
-0.450263	-0.702743	0.550832
0.074652	0.270169	0.959915
-0.689480	0.161070	-0.706169
0.509853	0.785399	0.350996
-0.939294	-0.193478	0.283360
0.079625	-0.275530	-0.957989
0.203668	0.971754	0.119221
-0.212657	-0.550470	-0.807316
-0.881903	-0.215028	-0.419536
0.681278	-0.676937	-0.278599
-0.742977	-0.461126	0.485126
-0.143173	-0.673856	0.724858
0.966341	-0.151435	-0.207971
-0.273320	-0.328935	-0.903935
-0.405622	0.256266	-0.877382
-0.790219	-0.577872	0.204002
-0.149779	0.942302	0.299388
-0.864194	0.314354	-0.392874
0.557185	0.144981	0.817634
0.031815	-0.172506	-0.984495
0.183090	-0.527193	0.829786
-0.901439	-0.005148	-0.432876
-0.013224	-0.069152	0.997518
-0.821963	-0.344451	0.453575
0.309222	0.296159	-0.903699
-0.306905	0.619267	-0.722716
0.364378	-0.732931	-0.574492
-0.700627	-0.340995	0.626773
0.815574	-0.505784	0.281108
-0.909246	-0.186696	0.372045
0.159133	-0.506204	-0.847605
0.578602	0.811433	-0.082442
-0.680779	0.713746	0.164641
0.623148	0.047863	-0.780638
0.559287	0.659874	0.501761
-0.884794	-0.390566	-0.254159
-0.875202	-0.342643	0.341492
0.334619	0.810888	0.480095
0.255306	-0.551072	-0.794442
-0.909403	0.283493	0.304334
-0.735162	0.014320	-0.677740
-0.662910	0.300141	0.685905
0.304044	0.440326	-0.844790
-0.287146	-0.556709	0.779501
-0.712545	0.639406	-0.288861
-0.855338	0.447185	-0.261579
-0.502525	0.860626	0.082414
0.887609	0.328273	-0.323089
-0.373681	-0.730347	0.571800
-0.596892	-0.246825	0.763412
-0.035489	0.324679	-0.945158
-0.825816	-0.307619	0.472652
-0.506660	-0.628695	-0.589948
0.883962	-0.430487	-0.182462
0.306129	0.943535	0.126597
0.966775	-0.228962	-0.113681
0.293923	0.853896	0.429501
-0.913767	0.137900	-0.382117
-0.521424	-0.849006	0.085478
0.257946	0.956194	-0.138412
0.882318	0.100916	-0.459707
0.652694	0.267953	-0.708655
-0.707077	0.508271	-0.491632
0.245057	-0.764543	-0.596172
-0.229471	-0.395871	-0.889173
0.676615	0.187347	-0.712105
0.266730	0.299073	-0.916194
-0.682732	0.692895	-0.231889
-0.109654	0.635802	0.764024
-0.291587	-0.053051	-0.955072
-0.089859	0.958486	-0.270609
0.334758	-0.361182	0.870336
0.771011	-0.530695	-0.352002
0.691661	-0.604941	-0.394527
0.013371	-0.260213	-0.965459
0.925592	-0.311876	0.214506
-0.252199	-0.848946	0.464421
0.297285	0.273757	0.914701
-0.204568	0.201415	0.957906
0.665634	-0.705354	-0.243735
0.128891	-0.981435	0.142032
0.085103	0.684009	0.724492
0.106075	0.184601	-0.977073
0.728181	0.278433	-0.626281
-0.745463	-0.409804	-0.525686
-0.434461	0.440737	0.785490
0.779828	-0.434594	-0.450551
-0.096851	0.978331	0.183000
0.141606	0.908859	-0.392330
0.720993	0.028521	-0.692355
-0.976486	-0.185774	-0.109381
0.092577	-0.830293	0.549584
0.938713	-0.037153	0.342690
0.450964	0.103162	-0.886560
-0.708577	0.514920	-0.482469
-0.836699	0.189831	-0.513712
0.931770	-0.260350	-0.253026
0.537511	0.439086	0.719920
-0.805329	-0.378687	-0.456115
0.346061	0.692912	0.632547
0.130941	-0.096978	0.986636
0.817702	0.378301	0.433880
0.356995	0.826191	0.435847
0.567938	-0.666785	-0.482539
-0.203055	0.040944	0.978311
0.824324	0.202278	-0.528747
0.680229	0.173189	0.712246
0.491267	-0.111240	-0.863876
-0.890221	-0.431550	-0.145844
0.710771	0.372062	0.596971
0.438747	-0.870637	0.222470
0.553719	-0.197775	-0.808876
0.775494	0.000765	-0.631354
0.466965	0.038968	-0.883417
-0.505817	0.250669	0.825417
-0.807571	0.581733	-0.097041
0.311929	0.580710	-0.751981
0.756112	-0.454848	0.470540
-0.186171	0.396360	-0.899021
0.251788	-0.085779	-0.963974
-0.532890	-0.634590	-0.559753
0.169321	0.337580	0.925943
-0.524395	0.741902	-0.417840
0.322167	0.775021	0.543646
-0.103954	0.985981	-0.130515
0.725470	0.115522	0.678490
0.201031	-0.130111	-0.970906
0.626356	0.324706	-0.708692
-0.266371	-0.220220	0.938376
-0.622877	0.473286	0.622916
0.492709	-0.853258	-0.170846
0.959918	0.067540	0.272023
0.871971	0.189631	0.451339
0.906523	-0.349499	-0.236782
0.999832	-0.018342	0.000462
0.887321	0.311391	0.340141
-0.221380	-0.972817	-0.067953
0.034823	0.381671	-0.923642
0.298000	-0.262600	-0.917735
0.196127	0.975759	-0.097097
-0.517706	0.835906	-0.182324
-0.758908	0.475352	0.445083
0.371135	-0.047906	0.927342
-0.832389	-0.491352	-0.256323
0.461666	0.637145	-0.617180
0.682802	0.508044	-0.525045
-0.044458	0.281825	-0.958435
0.491522	-0.284100	-0.823221
-0.579640	-0.390064	-0.715449
-0.406602	-0.852586	0.328287
-0.263584	0.247172	-0.932432
0.060478	-0.518741	-0.852790
-0.222719	0.897572	-0.380475
0.063300	-0.982635	0.174418
-0.357524	0.923209	-0.140929
-0.516189	-0.483267	-0.707109
-0.653456	0.572127	0.495647
-0.756493	0.648434	0.085158
0.623940	-0.631598	-0.460199
0.108426	0.088656	0.990143
0.805199	0.543474	0.237258
-0.574908	-0.573144	-0.583941
0.275662	0.492487	-0.825510
-0.338561	-0.557001	-0.758371
0.472483	-0.581046	0.662681
-0.284364	-0.947176	0.148305
-0.827488	-0.026851	-0.560841
0.226176	0.918621	0.324006
-0.694853	0.182248	-0.695676
-0.921976	0.169982	0.347947
-0.426080	-0.475047	-0.769926
-0.492552	0.475485	0.728908
0.159010	-0.592085	0.790033
0.842318	-0.485036	-0.235035
0.629617	0.600419	-0.493031
-0.499603	0.633176	0.591172
0.757113	0.214727	0.616987
-0.658889	-0.717248	0.226763
0.213132	-0.093344	0.972554
-0.282524	0.129286	0.950508
0.767325	0.506838	-0.392844
0.414780	-0.149044	-0.897632
0.680333	0.063998	-0.730104
0.393431	0.320619	-0.861635
-0.596993	0.461075	-0.656512
0.260863	0.951533	-0.162898
-0.113762	0.548135	-0.828617
0.250920	-0.932576	-0.259503
-0.398302	0.784182	0.475829
0.786880	-0.303781	0.537156
0.456679	0.715659	0.528466
0.405384	0.913167	-0.042304
-0.233518	-0.700682	-0.674176
-0.788861	0.105533	-0.605443
-0.531834	-0.561742	-0.633718
-0.174803	0.896403	0.407314
-0.123430	-0.233715	0.964439
-0.821014	-0.092633	0.563342
-0.942647	-0.029159	0.332514
0.094181	0.863891	-0.494795
-0.764920	0.504919	0.399942
-0.412537	-0.888550	0.200729
0.130221	0.152347	0.979711
0.626402	-0.773497	-0.096554
0.692003	-0.565339	-0.448914
-0.099651	0.994874	-0.017193
0.757378	0.169903	-0.630485
-0.855319	-0.484908	-0.182467
-0.051971	-0.996946	-0.058285
-0.930641	0.245546	-0.271319
0.849319	0.030290	0.527011
-0.420837	-0.451010	-0.787074
0.022154	-0.683526	0.729590
-0.068178	-0.915463	0.396585
0.114599	-0.484723	0.867128
-0.265498	0.392024	-0.880811
-0.096306	-0.258824	0.961112
0.693677	-0.284243	0.661830
-0.360100	-0.746429	-0.559618
-0.496365	-0.390648	0.775252
0.712440	-0.287063	0.640332
-0.278380	-0.902862	0.327635
0.357327	-0.770412	0.527998
0.591400	-0.412050	0.693152
-0.482502	0.495846	0.722031
0.644220	-0.384588	0.661114
0.743518	-0.531651	0.405620
0.682046	-0.514804	0.519413
-0.205229	-0.908612	0.363738
0.565248	0.824365	-0.030284
-0.746988	0.656857	-0.102701
0.662462	0.681464	-0.311048
-0.872372	0.011237	0.488713
0.392533	0.720381	0.571812
-0.350813	0.575043	0.739092
0.518363	-0.714578	-0.469764
-0.629525	-0.659552	0.410718
-0.175572	0.398659	0.900136
0.350788	-0.083571	0.932719
-0.086682	-0.970419	-0.225331
-0.394164	-0.350536	0.849564
0.541923	0.828279	0.142384
0.808257	-0.333639	-0.485186
0.264929	-0.781559	0.564781
-0.998809	-0.023819	-0.042572
0.915762	0.359590	0.179096
0.868770	-0.493422	-0.042108
-0.946400	-0.224914	0.231819
-0.574972	-0.592585	-0.564137
0.294035	0.365271	0.883244
0.789090	-0.424439	-0.444059
-0.153746	0.875777	0.457578
0.328274	0.643295	0.691670
-0.442653	-0.874517	-0.198185
-0.247282	0.954266	0.168012
-0.645930	0.314230	-0.695726
0.955444	0.104917	-0.275898
-0.563297	0.628495	0.536368
0.900115	-0.348045	-0.262027
0.174261	-0.865446	0.469719
0.629613	0.229838	-0.742133
0.942455	-0.228349	-0.244201
-0.864623	-0.500348	-0.045584
-0.888500	-0.436641	-0.141110
0.281139	-0.614552	0.737080
0.969737	-0.155332	-0.188369
-0.614007	-0.327321	0.718231
-0.559684	0.792638	0.241825
0.710454	-0.623079	0.327151
0.447127	-0.695159	0.562877
0.841408	-0.018506	0.540083
0.410994	0.441101	0.797818
0.514216	0.735441	-0.441258
0.682269	0.610046	-0.402932
0.401507	0.065153	0.913535
-0.296531	0.943401	-0.148537
0.609435	0.773484	-0.174101
-0.294736	-0.328747	-0.897249
0.153334	0.009473	0.988129
0.011166	0.803857	0.594718
0.457948	-0.440900	-0.771940
-0.977079	-0.014758	0.212363
0.556245	-0.807225	-0.197433
-0.711017	0.686148	0.153805
-0.364990	-0.148751	-0.919051
-0.503157	-0.863693	0.029445
0.071451	-0.980657	0.182229
0.737416	0.612593	0.284513
-0.714288	-0.200089	0.670639
0.112031	-0.926111	0.360232
0.238998	0.631876	0.737301
-0.900319	0.434589	-0.023616
-0.259740	0.786089	0.560892
0.309200	-0.902168	0.300813
-0.183312	-0.982353	-0.037147
-0.020122	0.563518	-0.825859
-0.082909	0.173075	0.981413
-0.325705	-0.750573	-0.574940
-0.373945	-0.066081	0.925094
0.399889	-0.776407	-0.487115
-0.351167	0.794688	-0.495129
0.940668	-0.169601	0.293902
0.498757	-0.856026	-0.135867
-0.206670	-0.893825	0.397951
0.733654	0.258686	0.628357
0.093969	0.923116	0.372864
0.785624	0.214912	-0.580178
0.736695	-0.376639	0.561626
0.516656	0.841785	-0.156414
-0.508019	-0.606402	-0.611713
-0.737193	0.623031	0.261491
-0.175953	0.305500	-0.935794
0.371205	0.018959	0.928357
0.943853	-0.085558	-0.319094
0.298773	0.590393	0.749781
0.827434	-0.476783	-0.296699
-0.226776	0.972279	-0.056977
-0.932182	-0.314896	0.178539
-0.313954	-0.266744	0.911197
0.329877	-0.881403	0.338097
-0.717951	-0.459714	0.522695
0.324983	0.549333	0.769818
0.670609	-0.038387	0.740817
-0.998367	-0.005065	-0.056894
0.554927	0.512372	0.655386
0.876302	-0.443055	0.189203
0.283486	0.788253	0.546162
0.706147	0.693426	-0.143235
-0.655258	-0.291842	0.696754
-0.436236	0.216568	-0.873382
-0.491899	0.415221	0.765263
0.041921	-0.862111	-0.504983
0.020228	0.996516	-0.080907
-0.826694	0.132484	0.546832
0.073097	0.627046	-0.775545
0.733556	0.549808	-0.399508
0.662221	0.623527	0.415543
-0.619394	0.015079	0.784936
0.578673	-0.176895	0.796144
-0.888921	-0.324279	-0.323515
0.464250	-0.170607	-0.869117
-0.028927	-0.846735	-0.531227
0.582482	0.794417	0.172096
0.351620	-0.915430	0.195835
0.739108	-0.517673	0.430969
-0.953449	0.095055	0.286181
-0.312644	-0.144447	0.938823
0.525840	0.269617	-0.806721
-0.238053	0.051024	-0.969911
0.610258	0.791488	-0.033651
0.202779	-0.863190	-0.462368
-0.097980	0.834923	0.541575
-0.809138	0.586085	0.042431
-0.975762	-0.096604	0.196356
-0.073470	0.913221	-0.400787
-0.188656	0.715820	-0.672317
-0.872341	-0.216158	-0.438517
0.288751	-0.481445	-0.827547
0.189506	0.516791	-0.834874
0.531933	0.655243	-0.536381
-0.105825	0.029706	0.993941
-0.108798	-0.943703	-0.312391
-0.919180	-0.045022	0.391255
0.385887	0.226726	-0.894252
-0.917816	0.386323	-0.091478
0.366120	-0.873512	-0.320831
-0.099828	0.427357	0.898555
0.687349	-0.266297	0.675749
-0.202561	0.947104	0.248925
0.713952	-0.300635	-0.632369
-0.117179	-0.986920	0.110715
-0.915503	0.370014	-0.157939
-0.285089	0.958480	0.006381
-0.163009	-0.754570	0.635651
0.889758	0.019747	0.456005
-0.989350	0.126972	0.071169
0.253536	0.645471	-0.720477
0.311336	-0.950188	0.014601
-0.182571	0.949206	-0.256274
-0.867553	0.300620	0.396207
-0.201272	-0.931992	-0.301464
-0.465530	0.434361	-0.771111
0.963772	-0.199591	-0.176938
0.409391	0.904071	-0.122696
0.458332	-0.251268	-0.852524
0.283024	-0.402880	0.870394
0.131773	-0.983713	-0.122247
-0.605052	0.792118	0.080384
-0.023685	-0.218755	0.975492
0.565494	0.170199	0.807000
0.156478	0.013121	0.987594
-0.021043	0.226727	0.973731
0.630107	0.361199	0.687387
0.960381	-0.237636	0.145594
0.618885	-0.324622	0.715263
0.175107	0.983151	-0.052451
0.296114	-0.953068	-0.063062
0.943854	0.317833	-0.090118
-0.400260	-0.496767	-0.770075
-0.469812	0.817930	-0.332064
-0.532466	0.017315	-0.846274
-0.616467	0.139704	-0.774888
-0.768543	-0.477754	-0.425550
0.194767	-0.702729	-0.684279
-0.958728	-0.068202	0.276022
-0.336972	0.225523	-0.914106
-0.768462	-0.594304	0.237213
0.203430	0.491111	-0.847010
0.696060	-0.560732	-0.448419
0.042976	0.422666	0.905266
-0.126815	0.780724	0.611873
0.052972	-0.866432	0.496477
0.628944	-0.359182	-0.689506
-0.899687	0.200012	0.388020
0.408871	0.624131	0.665797
0.518802	0.358694	0.776005
0.144602	0.959429	-0.242044
0.539902	-0.782545	-0.310047
-0.821236	-0.133465	-0.554760
-0.325972	0.672431	0.664514
0.205581	0.001381	0.978639
-0.493591	0.121996	-0.861095
-0.692946	0.708243	-0.134974
0.539510	0.821755	-0.183433
-0.973580	-0.025710	0.226893
-0.113757	0.496846	-0.860351
-0.543298	0.177830	0.820490
0.181084	0.298298	-0.937138
-0.404394	-0.796211	-0.450016
-0.499159	0.841638	-0.206122
0.276237	-0.690467	0.668542
-0.363956	0.616819	-0.697904
0.533239	-0.839196	0.106799
-0.623993	-0.529793	0.574415
-0.704682	-0.175117	-0.687573
0.963499	-0.267568	0.008784
-0.807608	0.567389	-0.160744
-0.103913	0.847889	-0.519890
0.455671	-0.220207	-0.862480
-0.003396	0.301265	-0.953534
-0.043716	0.812075	-0.581914
0.148667	-0.064010	0.986813
0.766489	-0.439555	0.468280
-0.876722	0.120921	-0.465550
0.867390	0.480007	0.131254
0.911071	0.244987	-0.331559
0.469168	0.183060	0.863928
0.257669	-0.881869	-0.394860
0.752802	0.375521	0.540623
-0.036653	0.888751	0.456922
-0.274653	0.342117	0.898622
-0.833625	-0.124123	-0.538203
0.684558	0.529852	-0.500636
-0.527641	-0.582996	0.617827
0.805841	-0.436376	-0.400245
0.841700	-0.508146	-0.182563
-0.788376	0.159580	0.594135
0.350293	0.566676	0.745770
-0.609957	0.341981	0.714843
-0.576999	0.733845	0.358530
-0.964550	-0.091104	0.247677
-0.553874	0.822566	-0.128879
0.265395	0.641340	-0.719895
-0.694237	0.530071	0.486888
0.855495	-0.106744	0.506689
-0.468294	-0.865998	0.175351
0.083297	-0.196470	0.976965
-0.914632	-0.363644	0.176670
-0.857803	-0.140019	0.494539
-0.660425	-0.078826	0.746743
-0.752324	-0.648561	-0.115663
0.118114	-0.250144	-0.960977
-0.543978	-0.529795	0.650695
-0.949211	-0.291806	-0.117675
0.955283	-0.006972	0.295610
0.295851	0.829912	0.472989
0.172741	-0.964520	-0.199655
-0.493557	-0.651194	-0.576497
0.922222	0.005270	0.386624
-0.570365	-0.754851	0.323859
-0.065144	-0.674614	0.735291
-0.002074	-0.155296	0.987866
-0.241651	0.657138	0.713985
-0.607289	-0.147207	0.780724
-0.785442	0.593337	-0.176159
0.903761	-0.426270	-0.038855
-0.016690	0.372115	0.928037
-0.228571	-0.782664	0.578957
0.907385	0.138008	-0.396997
0.586974	0.115478	-0.801328
-0.695962	-0.022592	0.717723
0.828556	0.086077	-0.553250
0.666935	-0.716829	0.203358
-0.201661	-0.389889	0.898510
-0.437387	-0.615660	0.655481
-0.517188	-0.418395	-0.746634
0.495790	-0.642372	0.584422
0.718538	-0.503560	0.479719
0.055538	-0.647915	0.759685
0.478333	0.308166	0.822333
-0.172804	-0.660534	-0.730639
-0.455271	0.309531	-0.834817
0.829607	0.124823	-0.544217
0.059504	0.477249	-0.876751
-0.128198	0.457999	0.879660
0.217471	-0.687071	-0.693282
0.848114	0.450050	-0.279568
-0.755850	-0.653255	-0.044142
0.095278	-0.995291	-0.017835
0.302122	0.930840	0.205571
-0.768419	-0.052961	0.637752
-0.420089	0.880518	-0.219576
-0.265609	-0.037200	-0.963363
-0.490353	-0.818680	-0.298860
0.058438	0.849924	-0.523654
0.826962	-0.054703	0.559590
0.097009	0.850221	-0.517411
0.432106	0.009800	0.901770
0.067424	-0.790848	0.608287
-0.088231	0.451575	-0.887860
-0.651552	0.373664	-0.660193
-0.929375	-0.202885	-0.308384
0.270171	0.959695	-0.077418
-0.204367	-0.644322	0.736942
0.553121	-0.329595	0.765130
-0.838672	-0.434305	-0.328646
0.480741	0.863593	-0.151971
-0.824091	0.454666	-0.337866
-0.625901	0.677741	-0.385896
-0.807733	-0.588012	0.042546
-0.033661	-0.068962	-0.997051
0.762182	-0.583484	0.280401
0.029670	-0.964570	0.262153
-0.029626	0.926323	0.375564
-0.819721	-0.572291	-0.023247
-0.852386	-0.457657	0.252958
-0.592812	0.518922	-0.615868
0.947112	0.269006	-0.174969
0.174671	-0.806581	0.564727
0.392099	0.641480	0.659364
0.911440	0.041998	-0.409283
-0.720532	0.239882	-0.650608
0.830684	0.356862	-0.427333
0.469355	0.880897	-0.061051
0.354787	0.368625	0.859210
0.737849	-0.673933	-0.037311
-0.108048	0.094454	-0.989649
0.433928	-0.890175	0.138906
-0.578726	0.431527	0.691998
-0.558091	0.369360	-0.743040
0.633020	-0.434959	-0.640387
-0.209609	0.122684	0.970058
-0.802827	0.109224	0.586122
0.004144	-0.305718	-0.952113
-0.243498	-0.969794	-0.014398
0.867320	0.270975	0.417527
0.592727	0.510091	-0.623284
0.931759	0.068586	-0.356539
0.785457	0.503172	-0.360382
0.995551	-0.093715	0.009740
-0.661169	-0.108096	-0.742409
-0.550082	0.505892	-0.664442
0.430133	-0.331897	-0.839542
-0.386942	0.020268	0.921881
0.413172	0.893639	0.175210
-0.637785	-0.502613	-0.583619
-0.906275	-0.274558	-0.321377
-0.694444	-0.209070	0.688504
-0.292388	0.306670	0.905794
0.198160	0.483519	0.852609
-0.552909	0.832768	-0.028097
0.260104	0.514944	-0.816810
-0.881171	0.333457	0.335176
-0.992348	0.076635	-0.096809
-0.304390	-0.321392	-0.896691
-0.743554	-0.122360	0.657386
-0.527393	0.836256	0.150111
0.260506	0.387577	-0.884262
-0.116244	-0.802458	0.585277
0.823694	0.215396	0.524532
-0.379767	0.749899	0.541690
0.561004	0.801826	0.205790
0.900983	0.311999	0.301473
0.465074	0.793161	0.393193
-0.618253	0.031052	-0.785366
-0.241480	0.563529	0.790014
-0.596529	-0.802460	0.014525
-0.567341	0.792522	0.223683
-0.914559	-0.327128	0.237841
-0.176741	-0.977374	-0.116201
-0.264854	-0.482859	0.834685
-0.695800	-0.136573	0.705131
0.492354	-0.268148	0.828061
-0.807539	-0.379327	-0.451656
-0.358417	-0.620100	-0.697863
0.709779	0.606359	-0.358528
0.068213	0.780544	-0.621368
0.639759	0.034740	-0.767790
0.775298	-0.531638	-0.340991
-0.975670	-0.214716	0.044333
0.998954	-0.045336	0.006044
0.312683	-0.275399	0.909057
-0.230591	0.710958	-0.664354
-0.386928	-0.871848	0.300279
-0.522492	0.786529	0.329203
0.450163	0.835892	0.314066
0.425633	0.041625	0.903938
-0.660086	0.751125	-0.009914
0.245553	-0.934033	-0.259394
-0.778601	-0.265010	0.568815
0.821589	-0.045963	0.568224
0.629678	0.658983	0.411397
0.817223	-0.575013	0.038806
0.053867	0.996949	-0.056488
0.796472	-0.103521	0.595749
-0.451271	-0.864379	-0.221819
-0.435280	-0.840033	0.323845
-0.230419	-0.480958	-0.845924
-0.806101	0.333822	-0.488635
0.320664	0.945146	0.062244
-0.282779	0.131686	0.950102
0.163776	-0.694725	0.700382
0.685617	0.464264	-0.560704
-0.897334	-0.401661	-0.182924
-0.727708	0.467200	0.502161
-0.880755	0.217923	0.420453
0.134350	0.957363	0.255746
0.829237	0.408778	0.381139
0.520483	0.188806	-0.832736
0.139696	-0.989476	0.037725
0.110016	-0.639231	0.761104
-0.859304	0.500563	-0.105036
0.588437	-0.345155	-0.731171
-0.364513	-0.930811	-0.026857
0.414837	-0.605380	0.679283
0.582402	-0.636397	-0.505773
-0.697332	0.705267	-0.127773
-0.485182	0.855936	0.178809
-0.549821	-0.643236	-0.532863
0.546013	-0.626525	-0.556180
0.628246	0.769058	0.117715
-0.818925	-0.542207	-0.188079
0.806369	-0.039202	-0.590112
-0.801222	-0.558383	-0.215062
0.914173	-0.400342	-0.063359
0.847679	-0.126359	0.515242
0.914805	0.403790	0.009293
-0.305076	0.480811	0.822040
-0.319807	0.425160	0.846737
0.385443	0.619572	0.683786
0.968914	-0.233269	-0.082404
0.554343	0.222455	0.802008
0.308420	0.151257	-0.939148
0.872207	0.197741	-0.447386
0.626991	-0.513624	-0.585723
0.406994	0.076247	-0.910243
-0.789680	0.594278	0.152447
-0.039345	-0.644794	-0.763343
-0.699710	0.675872	-0.231522
0.701217	0.707514	-0.087856
-0.807321	-0.060424	0.587011
-0.891508	-0.442019	-0.099162
0.912361	0.409046	0.016706
-0.549211	-0.835680	-0.002651
-0.990397	-0.124757	-0.059577
-0.175868	-0.901636	-0.395123
-0.030867	-0.196891	-0.979939
0.682624	0.011650	0.730677
-0.829999	0.297675	0.471690
0.492502	-0.870245	0.010739
-0.303475	-0.912565	0.274095
-0.236147	-0.028687	-0.971294
0.804410	-0.322252	0.499078
-0.907716	0.020980	0.419061
-0.580051	-0.800883	-0.148754
-0.945781	-0.240270	0.218559
0.707466	0.660888	0.250437
0.213894	-0.959101	-0.185405
-0.880631	-0.152584	-0.448560
0.056776	-0.057266	0.996743
-0.611344	-0.733789	0.296332
0.277710	0.693637	-0.664639
-0.401775	-0.515292	-0.757001
-0.453258	-0.675285	-0.581849
-0.016077	0.854322	-0.519495
0.441237	-0.861867	-0.249992
-0.536227	0.581214	-0.612087
-0.264990	0.963999	0.022069
0.761229	0.596637	-0.254076
-0.797082	-0.553764	-0.240845
0.414799	0.227757	-0.880947
0.967103	-0.092439	-0.236996
0.066012	0.997526	0.024187
0.494643	-0.338364	-0.800524
-0.276674	-0.045707	-0.959876
-0.478047	0.828971	-0.290307
-0.009094	0.988027	-0.154012
-0.698070	0.211265	0.684153
-0.265869	0.526136	0.807771
-0.436894	0.017408	0.899344
-0.044453	0.930687	-0.363105
-0.095309	-0.817441	0.568072
-0.802828	0.562490	-0.197668
0.482988	0.245816	0.840415
0.547297	0.836575	0.024670
-0.449940	-0.788545	0.419227
-0.086764	0.492978	-0.865705
-0.281949	0.582147	0.762633
-0.405170	-0.795328	-0.450876
-0.774421	0.522373	-0.356929
0.241238	0.767622	0.593768
0.128706	-0.458254	0.879453
-0.448689	-0.755278	-0.477738
0.689740	-0.342688	-0.637828
0.915064	0.136204	-0.379613
0.410944	0.846716	0.337932
0.368496	-0.862769	-0.346178
-0.903099	0.414090	-0.113761
0.419361	0.513475	-0.748652
-0.961990	0.145471	0.231113
0.952457	0.025640	0.303593
0.169440	0.005261	0.985527
-0.765816	-0.351439	0.538532
-0.947541	0.262680	0.182111
0.674055	0.453152	0.583355
0.254353	0.457712	-0.851941
-0.011659	-0.873533	-0.486625
-0.965445	0.019955	-0.259843
-0.082634	-0.306737	-0.948200
-0.797588	-0.022934	0.602766
-0.682812	0.702687	-0.199995
-0.622620	-0.133751	-0.771009
0.846270	-0.255899	0.467272
0.452844	0.184635	0.872263
-0.590545	0.784010	0.191271
0.057259	-0.669808	0.740323
-0.384664	0.851109	-0.357278
0.256799	0.962183	-0.090877
-0.357359	0.109872	-0.927482
0.705402	0.703186	0.089094
0.638764	0.763728	0.093277
-0.274133	-0.690616	0.669253
-0.677396	0.674459	0.293665
0.397760	-0.783928	-0.476700
-0.222107	-0.536935	-0.813861
-0.008564	0.040115	-0.999158
0.898915	-0.190150	0.394709
0.906850	0.401289	-0.128803
0.664237	0.392310	0.636304
-0.175530	-0.899424	-0.400282
0.824017	-0.138827	-0.549294
-0.557432	0.545211	0.626110
0.984575	0.167577	-0.050296
0.568260	0.337055	0.750650
-0.091644	0.166563	-0.981763
-0.449560	0.284508	0.846729
0.650689	0.539049	-0.534818
0.630600	0.705705	-0.322992
-0.782129	-0.195758	-0.591569
-0.188750	-0.383823	-0.903910
0.756421	-0.465938	-0.459052
0.895601	0.100642	-0.433323
0.157017	0.975553	-0.153756
0.861328	-0.310675	-0.401989
0.246089	-0.301405	-0.921192
-0.569733	-0.342798	-0.746923
-0.775283	-0.257533	-0.576726
-0.455297	0.084301	0.886339
-0.278878	-0.954009	-0.109969
-0.545363	-0.832898	-0.094129
0.906539	-0.297130	-0.299834
-0.815554	0.327042	0.477405
0.305524	-0.692717	0.653298
-0.387439	-0.767975	-0.510006
0.823406	0.275691	-0.495982
-0.851240	0.337620	0.401750
-0.337088	0.601240	0.724488
0.813033	-0.225895	0.536609
0.939799	-0.331239	0.084009
-0.932867	0.360191	0.004652
-0.600685	0.369118	0.709175
0.998228	-0.024049	0.054424
-0.415666	-0.872715	0.256104
0.023223	-0.984531	-0.173662
-0.326145	-0.366437	0.871409
0.490799	0.045803	0.870068
-0.246577	0.606053	-0.756240
-0.398539	0.558532	0.727468
-0.163443	-0.086849	0.982723
-0.744284	-0.063300	0.664857
0.709190	-0.702751	0.056487
-0.123300	0.992363	0.003644
-0.810405	-0.085444	0.579605
0.388227	0.919276	0.064897
-0.486938	-0.225021	-0.843953
0.069760	0.799744	-0.596275
-0.658427	0.648551	-0.381909
-0.815202	0.546411	0.192044
0.886671	0.215849	0.408931
0.357828	0.926832	-0.113764
-0.821837	-0.324809	-0.468064
-0.391403	0.122037	0.912091
0.785224	0.225632	-0.576640
-0.654690	-0.553302	-0.515012
0.202489	-0.940995	0.271157
0.987285	-0.150601	-0.050873
-0.603168	-0.797130	0.027771
-0.274629	-0.704676	0.654225
-0.704152	0.343482	0.621443
0.061028	-0.971709	0.228162
-0.279567	-0.542065	0.792470
0.035082	-0.640669	0.767016
0.164341	0.236270	-0.957689
-0.394773	-0.123968	0.910377
-0.734397	-0.482781	-0.477058
0.224858	0.967093	0.119037
-0.276472	-0.492159	-0.825435
0.884575	0.247253	-0.395465
-0.028174	-0.139289	-0.989851
0.200886	0.722532	0.661508
0.677417	-0.735424	-0.016023
-0.920840	-0.035206	-0.388348
0.974816	0.046310	0.218150
0.803146	-0.560625	-0.201635
-0.687103	0.715190	-0.128035
0.003862	0.374636	0.927164
-0.186666	0.858310	0.477975
-0.474068	-0.753531	-0.455467
-0.747588	0.433982	-0.502765
-0.768342	-0.306798	0.561717
-0.620591	0.250787	-0.742948
-0.749664	-0.199334	0.631087
0.104295	0.337930	-0.935375
-0.456597	-0.767129	0.450590
-0.854903	0.329949	0.400343
-0.880011	-0.402629	-0.251934
-0.872588	0.461926	0.158793
0.610760	-0.443079	-0.656242
0.470703	-0.304061	0.828243
0.368551	0.716130	-0.592729
-0.735159	-0.056934	-0.675500
-0.943934	-0.246666	-0.219420
0.192722	0.869806	-0.454198
-0.225640	-0.386382	-0.894313
-0.459934	-0.635502	-0.620160
0.847825	0.273101	0.454543
0.264993	0.947973	-0.176423
0.558795	-0.133691	0.818459
0.827075	0.561428	0.027304
-0.083991	-0.762307	0.641742
-0.944945	-0.122767	0.303327
0.031939	-0.825984	0.562788
-0.929283	-0.235302	-0.284721
0.437753	0.625938	0.645425
0.179012	0.974469	0.135514
-0.917912	0.099310	0.384154
-0.943399	-0.256753	0.209945
0.941239	-0.108071	-0.319985
-0.026034	-0.995325	0.093005
-0.954864	0.120979	-0.271292
-0.882513	-0.087366	0.462102
0.937555	-0.076560	0.339307
-0.315418	-0.804427	0.503398
0.932713	0.312037	0.180777
-0.242071	0.839516	0.486430
-0.271945	0.592261	-0.758467
0.410117	-0.027364	0.911622
0.771503	0.632627	-0.067579
0.976527	-0.183358	0.113023
0.801559	0.224215	-0.554284
0.568350	0.257986	-0.781295
-0.853290	-0.469822	0.226194
-0.038597	-0.962179	-0.269669
0.113184	0.991915	-0.057388
-0.870148	-0.475566	-0.129153
0.130197	0.715472	-0.686403
-0.330521	0.478026	-0.813786
0.493929	-0.869169	-0.024068
0.481813	0.373233	-0.792814
0.515290	-0.463155	-0.721085
-0.148167	0.967617	-0.204364
-0.127975	-0.953769	0.271931
-0.761831	-0.516480	-0.390975
-0.821888	0.371945	0.431460
-0.345482	0.923150	0.168629
-0.443921	0.115216	-0.888628
0.037677	-0.979180	0.199469
-0.619363	0.048838	0.783585
0.710029	-0.488302	-0.507365
0.558983	-0.455924	-0.692583
0.111839	0.582296	-0.805248
0.005881	0.879598	-0.475681
0.973342	0.153841	0.170113
-0.278840	0.959926	-0.028109
-0.603745	0.330289	-0.725535
-0.632080	0.408329	-0.658591
-0.955084	-0.283794	-0.085295
0.512856	0.624569	0.588975
0.214216	-0.878653	-0.426710
-0.983763	0.175943	0.035427
-0.539111	-0.654461	0.530132
-0.063761	0.460694	-0.885266
-0.105506	0.504277	0.857072
0.898639	0.366192	-0.241560
-0.219701	-0.904540	-0.365431
-0.179624	0.873777	0.451939
-0.239749	-0.932488	-0.270161
-0.008680	-0.494077	-0.869375
-0.626753	-0.568767	-0.532622
0.083484	0.416109	0.905474
-0.051439	0.927793	-0.369532
0.069968	-0.408740	-0.909965
-0.637044	0.709370	0.301610
0.667366	0.138317	-0.731772
-0.027703	-0.097214	0.994878
-0.833286	-0.246103	0.495043
0.976386	0.198090	0.086207
0.750852	0.637476	-0.172761
-0.639177	0.252044	-0.726586
-0.758682	-0.253152	0.600263
-0.206219	-0.243639	0.947689
0.348163	-0.005490	-0.937418
-0.602012	0.629835	-0.490805
-0.463791	-0.885836	0.013887
0.766926	-0.301774	0.566354
-0.327344	0.893812	0.306506
-0.912093	-0.232768	-0.337499
-0.887514	-0.388209	0.248219
0.063031	-0.240893	0.968503
-0.462805	0.517519	0.719713
0.776266	0.048109	-0.628567
0.141463	-0.060765	-0.988077
0.244632	0.058683	0.967839
0.479700	0.060128	-0.875370
0.064135	0.311620	-0.948040
-0.100880	0.921781	0.374357
0.966873	-0.149065	0.207208
-0.864357	0.046074	0.500763
-0.098847	-0.868832	0.485139
-0.609410	0.788702	0.081049
-0.306824	-0.895952	-0.321136
-0.324362	0.889125	-0.322872
0.051785	0.064361	-0.996582
-0.572419	-0.310337	0.758965
0.268646	-0.007012	-0.963213
-0.687651	0.414736	-0.595928
-0.516619	0.617443	0.593186
0.804477	0.421360	0.418656
-0.975204	-0.213300	0.058989
0.697610	0.169365	0.696172
-0.671966	-0.530801	0.516441
-0.494582	-0.032706	0.868515
-0.687205	0.726455	-0.003620
0.371772	0.092123	-0.923742
-0.974621	-0.125157	0.185608
-0.718759	-0.172324	-0.673565
0.098575	0.736439	-0.669284
0.228170	0.072185	0.970942
-0.358691	0.563268	-0.744359
0.803410	0.280717	-0.525101
0.985842	-0.044594	-0.161636
-0.233714	0.859313	-0.454927
0.594932	0.699235	0.396392
0.733273	0.679791	-0.013964
0.732370	-0.630193	0.257859
0.669151	-0.339920	0.660826
-0.050243	-0.027098	-0.998369
0.726230	0.106363	-0.679174
-0.341673	-0.850626	-0.399620
-0.083698	0.647237	0.757680
-0.519039	0.393529	-0.758771
0.643764	-0.411835	-0.644950
0.600913	-0.164990	-0.782101
-0.892546	-0.449777	0.032595
0.694909	0.019005	-0.718846
-0.827483	-0.536210	-0.166586
0.781751	0.538324	0.314760
0.068077	0.553443	-0.830100
-0.066386	-0.297433	0.952432
0.736737	0.450921	0.503874
0.557133	-0.742702	-0.371480
0.165820	0.592862	-0.788047
-0.771403	0.635974	-0.021785
-0.739088	0.059027	-0.671017
0.477133	0.511365	0.714738
-0.375306	0.539496	-0.753717
0.923445	-0.103092	0.369623
-0.992597	-0.098035	-0.071693
-0.691795	0.720316	0.050643
0.612931	-0.081563	0.785915
0.372399	-0.656905	0.655587
0.290151	-0.931059	0.221226
-0.508132	-0.597413	0.620402
0.426008	-0.650414	0.628871
0.190057	-0.077371	-0.978720
0.728609	-0.135443	-0.671405
-0.798347	-0.429760	-0.421839
0.194269	0.975026	0.107627
-0.234751	0.808824	0.539162
0.195173	0.636992	-0.745753
-0.083827	-0.987390	0.134293
-0.268412	-0.198923	-0.942541
0.081473	-0.586397	0.805916
-0.816323	-0.125413	-0.563816
0.471500	-0.879460	0.065098
0.351710	-0.564545	0.746719
0.803880	-0.146877	-0.576371
-0.144690	0.883466	0.445593
-0.883195	0.468872	0.011249
0.275966	0.409962	-0.869353
0.823675	0.345987	0.449280
-0.352607	0.721506	0.595900
-0.609754	0.582769	0.537196
0.504501	-0.794473	0.338070
0.079937	-0.774955	0.626941
-0.451435	-0.885773	-0.107764
-0.983359	-0.044310	-0.176188
0.469254	0.686918	0.554927
0.082540	0.707673	0.701702
-0.333908	-0.907199	-0.255923
0.512511	-0.185472	-0.838411
-0.487435	-0.801319	0.346835
-0.527202	-0.579282	-0.621683
-0.625263	0.547915	-0.555730
-0.406176	0.360769	0.839563
0.024838	-0.959983	-0.278955
-0.221376	0.172819	0.959753
0.242392	-0.890233	-0.385658
0.529347	0.848194	-0.018941
0.586122	-0.808059	0.059171
-0.060725	-0.358027	-0.931735
-0.838498	0.323154	-0.438740
0.576811	0.372216	0.727148
-0.398076	0.279581	-0.873710
0.612589	-0.404815	-0.678866
0.347244	0.803110	-0.484185
-0.296165	0.847408	-0.440666
-0.444787	-0.493764	0.747236
-0.071681	-0.011419	-0.997362
0.108282	0.991120	0.077176
0.885138	0.047837	0.462864
0.070584	-0.836865	-0.542840
-0.829539	-0.286103	0.479594
-0.740302	-0.317007	-0.592840
0.654535	-0.750341	0.092582
-0.903643	0.059416	0.424144
0.978326	0.200169	0.053018
-0.228927	-0.356815	0.905691
0.168482	0.845427	0.506821
0.949404	-0.106929	-0.295294
-0.153013	-0.906238	0.394106
-0.662440	0.171170	0.729297
0.867314	-0.497343	-0.020397
0.349238	-0.412759	0.841227
0.927338	-0.144757	0.345094
-0.770229	0.592373	0.236307
-0.329916	0.249960	-0.910316
0.250872	-0.159626	0.954768
0.857974	0.357521	0.368863
-0.094570	0.851083	0.516443
0.820717	-0.294753	-0.489432
0.252154	0.947539	-0.196439
0.145796	0.245508	0.958368
-0.993890	-0.109384	0.014776
-0.895335	-0.063715	0.440812
0.791369	0.572567	-0.214249
-0.720484	-0.530133	-0.447059
0.525876	-0.159603	0.835453
-0.666592	0.674823	0.316653
-0.720962	-0.586850	-0.368538
-0.453045	0.498382	-0.739165
0.857908	0.049464	0.511418
0.742931	0.231097	-0.628211
0.602599	0.527206	0.599105
-0.864310	0.292727	-0.408998
-0.781758	-0.511592	0.356550
0.537046	-0.336747	0.773423
0.067501	0.907354	-0.414913
0.892966	0.449478	0.024122
0.769279	-0.553965	0.318328
-0.395795	-0.877696	0.270179
-0.266913	-0.017869	0.963555
-0.933261	0.356500	-0.043962
-0.448508	-0.846667	0.286348
0.705615	-0.639953	-0.304250
-0.410215	-0.497675	-0.764228
0.613262	-0.694574	-0.376133
0.643700	0.612906	0.458254
0.012340	0.382654	0.923809
-0.040616	0.998437	0.038404
-0.655378	0.355085	0.666630
0.547047	-0.715426	0.434633
0.494060	-0.869046	-0.025765
0.715298	-0.682137	-0.151779
-0.422760	-0.770515	-0.477054
0.634400	-0.040754	0.771930
-0.104667	-0.607911	0.787076
0.246850	-0.911924	-0.327810
-0.541450	0.840731	-0.001565
-0.216774	-0.256608	-0.941892
0.914291	0.404281	0.025086
-0.882708	0.401563	-0.244076
0.174661	-0.982736	-0.061026
-0.972512	-0.228696	-0.043798
-0.906513	-0.156750	-0.392001
-0.453809	-0.874913	-0.169072
0.510949	-0.841781	0.174173
0.011622	0.152361	-0.988257
0.478100	0.488369	0.730011
-0.330311	-0.942190	0.056331
0.625276	-0.017811	-0.780200
-0.658239	-0.561408	0.501540
0.601518	0.675157	-0.427012
-0.454201	0.451160	-0.768216
0.443267	0.760424	-0.474626
0.899306	0.242605	-0.363857
-0.811552	-0.175934	-0.557163
-0.023640	-0.777631	-0.628277
-0.456005	0.709438	0.537361
0.448286	-0.636814	-0.627302
0.547019	-0.664430	-0.509218
-0.389350	0.171203	0.905040
0.285721	-0.922295	0.260262
-0.577024	-0.810932	-0.097122
-0.868545	-0.123119	-0.480074
-0.000187	-0.995810	-0.091447
0.909653	0.411005	0.060060
0.184997	0.691489	0.698297
-0.883593	-0.121843	0.452125
0.424552	0.613342	-0.666008
-0.026327	0.360810	-0.932268
-0.524016	-0.773437	-0.356653
0.655277	0.735380	0.172712
-0.182326	0.844282	0.503930
0.162856	0.392040	0.905419
0.028439	0.639878	-0.767950
0.865445	0.350955	-0.357540
0.178225	0.101034	-0.978789
-0.822662	-0.425154	0.377455
-0.909272	-0.414503	0.037570
0.739182	-0.605588	-0.294742
-0.458569	-0.770582	-0.442627
0.824026	0.428672	-0.370434
0.837055	0.332837	-0.434234
0.657508	0.676480	-0.331750
0.897236	0.329642	0.293774
-0.456271	0.536878	0.709633
0.604657	-0.725698	0.328256
-0.208994	0.875891	0.434899
0.381021	0.625706	0.680673
-0.145641	-0.930565	0.335913
0.768027	0.512357	-0.384219
-0.664922	-0.665140	0.339805
0.183766	-0.951333	0.247378
0.909676	0.400330	0.110566
-0.810640	0.074491	-0.580788
-0.034524	-0.545591	0.837340
-0.528590	-0.529620	0.663396
-0.033184	-0.987598	-0.153456
-0.289464	0.133946	-0.947771
-0.340094	0.846732	0.409123
-0.608491	-0.781342	0.138719
0.029993	0.870649	0.490990
0.774763	0.546387	0.318124
-0.965046	-0.162992	-0.205230
-0.975981	0.061231	0.209073
0.724354	-0.278403	-0.630716
0.791729	-0.082815	0.605233
-0.708219	0.225594	-0.668980
0.517881	-0.838964	0.167151
-0.317144	-0.475918	0.820318
-0.775418	-0.555824	0.299644
-0.524617	-0.773540	-0.355546
-0.943555	-0.331201	0.003000
0.447035	-0.824601	-0.346689
-0.738891	-0.375511	-0.559492
0.549062	-0.412228	0.727048
-0.369519	0.315804	0.873913
0.567255	0.822573	0.039942
-0.662316	-0.262906	-0.701583
0.845788	-0.227406	0.482627
0.121821	-0.977116	-0.174369
-0.032669	-0.956034	0.291430
0.520919	0.370265	0.769121
-0.767839	-0.386840	-0.510664
0.723630	-0.447685	-0.525298
0.278927	0.303301	0.911158
-0.055506	0.882217	-0.467559
0.585688	-0.808696	-0.054591
-0.284833	0.941521	-0.180023
-0.241112	0.950032	-0.198253
0.488035	-0.837460	-0.245931
-0.125360	-0.291850	0.948213
0.405652	0.716215	-0.567876
-0.954079	0.270319	-0.129076
-0.243978	0.646710	-0.722662
-0.567351	-0.820615	0.068585
-0.316060	-0.475614	0.820913
0.812711	-0.473332	-0.339790
-0.336752	0.821627	0.459921
-0.878109	-0.266965	0.397057
-0.630908	0.760846	-0.151883
0.714575	-0.663258	0.222421
0.044104	-0.914073	-0.403144
0.870032	0.203547	-0.449014
-0.701708	-0.001766	-0.712462
-0.491203	-0.841505	-0.224920
0.522783	0.339214	0.782069
0.359052	-0.926366	-0.113698
0.975734	0.011327	0.218668
0.095962	-0.294200	-0.950914
0.039641	-0.912328	-0.407537
-0.755154	0.636258	0.157856
-0.278991	0.859945	-0.427385
-0.869935	-0.017667	0.492850
0.235736	0.192641	-0.952532
-0.087875	0.590077	0.802550
0.298155	-0.341272	0.891424
0.769617	0.001365	-0.638505
0.037984	0.733378	-0.678759
-0.145225	0.940030	-0.308632
0.973772	-0.215190	0.073898
-0.912239	-0.199360	0.357875
-0.683482	-0.577797	0.446098
-0.124721	-0.864114	-0.487597
-0.865334	0.465250	-0.186387
-0.841615	0.043715	-0.538306
0.618828	-0.611191	-0.493455
-0.368095	0.924303	-0.100845
-0.471730	-0.623937	0.623035
-0.490642	0.857807	0.153097
0.841978	-0.216162	-0.494314
-0.670045	-0.205912	-0.713190
-0.498659	-0.439540	-0.747090
0.920561	0.138549	0.365201
0.603881	0.525420	0.599384
0.864050	-0.440841	-0.243058
-0.647279	0.678437	0.347495
-0.250700	0.354985	0.900630
0.842619	0.427543	0.327416
-0.081437	0.124019	-0.988932
0.163347	-0.980440	-0.109800
0.782090	-0.436573	0.444679
-0.793358	-0.206155	-0.572785
0.298315	0.579546	-0.758376
0.012548	0.275641	-0.961179
0.763087	0.273390	0.585625
-0.314226	0.088915	0.945175
-0.008633	0.279152	-0.960208
-0.085598	0.760130	-0.644108
-0.205988	-0.595496	0.776501
-0.223156	-0.519466	-0.824837
-0.097850	0.543070	0.833967
0.076691	0.220117	0.972454
-0.653215	0.357957	0.667215
0.202630	-0.574320	0.793157
-0.745643	-0.666338	0.003220
-0.206542	-0.355992	0.911378
-0.412408	-0.047531	-0.909759
0.446629	0.442310	-0.777743
-0.951734	0.198193	0.234356
-0.640001	-0.124187	0.758272
-0.413051	-0.774273	0.479468
0.055434	0.798558	-0.599360
-0.153945	-0.777768	-0.609408
-0.960636	-0.114028	0.253330
0.324854	0.923851	-0.202411
0.388122	-0.626165	-0.676223
0.524398	0.118946	0.843124
-0.116864	0.974942	0.189289
-0.058200	-0.516970	0.854023
-0.869059	-0.432017	-0.241035
-0.785478	0.588714	-0.190892
0.347617	-0.420053	0.838283
-0.916259	0.278496	-0.287940
0.845081	-0.517205	0.135415
-0.313226	0.929332	0.195529
0.442750	-0.629526	0.638489
0.389022	-0.902021	0.187135
0.425227	0.902948	-0.062184
-0.805483	-0.482546	0.344015
-0.656521	0.727600	-0.198943
0.808410	0.002213	-0.588616
0.346012	-0.047870	-0.937008
0.320371	0.947043	-0.021727
0.120041	0.756688	0.642662
-0.814488	-0.318548	0.484909
0.590037	-0.481797	0.647864
0.428255	0.349833	-0.833195
-0.830142	-0.215249	-0.514327
0.174898	-0.695906	0.696509
0.116375	0.012380	0.993128
0.716917	-0.555640	0.421064
0.176533	0.613193	0.769955
-0.039827	0.949610	-0.310893
-0.692881	0.650689	-0.310676
0.789988	-0.350556	0.503020
-0.205564	0.297322	-0.932386
0.531093	-0.718182	-0.449618
-0.111748	-0.848868	0.516659
0.968198	-0.233838	0.088954
0.628256	-0.483091	0.609850
-0.688513	-0.641514	-0.338244
0.586796	0.675613	-0.446337
-0.362734	-0.556054	-0.747815
0.663405	-0.361082	0.655373
-0.698988	-0.663035	0.267955
-0.251306	0.967907	-0.000450
-0.292263	-0.717619	-0.632143
-0.037535	0.558758	0.828481
-0.107276	-0.476178	0.872781
-0.537329	0.543883	-0.644569
-0.959548	-0.254173	0.121095
-0.093865	-0.804252	-0.586828
0.078524	0.590409	-0.803275
-0.021101	-0.380420	0.924573
0.896748	0.033387	-0.441280
0.953297	-0.273605	-0.127924
-0.400467	0.066455	0.913898
-0.899621	0.415949	-0.132922
0.757665	0.141491	-0.637122
0.747334	-0.033412	-0.663608
-0.242268	-0.967431	0.073369
-0.278250	-0.617450	0.735753
0.500189	0.081948	-0.862030
0.109766	0.826106	-0.552720
-0.587796	-0.695637	-0.413019
-0.876539	-0.475797	0.072779
0.554366	-0.614843	-0.560934
-0.044038	-0.912819	-0.405983
0.313974	-0.284810	-0.905706
0.995878	-0.034295	0.083966
0.609609	-0.293284	0.736452
-0.474179	-0.552447	0.685534
0.487888	-0.756825	-0.434949
-0.856431	-0.035594	0.515033
0.783778	-0.231704	-0.576199
-0.409803	-0.115602	-0.904819
-0.573547	-0.755674	-0.316229
0.662886	0.716437	0.217487
-0.795270	-0.546074	-0.263342
-0.097366	-0.473315	0.875496
0.090118	0.285884	-0.954017
-0.951986	-0.293176	0.088147
-0.233911	0.187897	0.953929
-0.800972	-0.293778	0.521668
0.548309	-0.821099	-0.158596
0.659089	-0.584120	-0.473714
0.033261	-0.741281	-0.670370
0.658328	-0.401576	0.636663
-0.437820	-0.017094	-0.898900
0.569200	0.164382	-0.805599
-0.068767	-0.060574	0.995792
-0.255450	0.950400	0.177441
0.428832	0.797350	-0.424661
-0.302467	0.090232	0.948879
-0.242753	0.936831	0.251830
-0.897004	-0.186750	0.400634
0.384966	-0.682938	0.620804
0.565277	0.748550	0.346605
0.878083	0.412857	-0.241907
0.915426	0.125710	0.382350
0.631671	-0.525532	-0.569920
0.650184	0.533903	-0.540564
0.811074	0.583401	-0.042455
0.216443	-0.173106	0.960826
-0.290055	-0.818227	-0.496360
-0.698630	0.694462	0.172156
-0.264252	-0.637013	0.724144
-0.441779	-0.781667	-0.440259
0.100069	-0.534898	-0.838970
0.862896	-0.435377	0.256627
0.654359	0.703260	0.277919
-0.212885	0.741081	0.636772
0.049689	0.268595	0.961971
0.413997	0.711195	0.568162
0.305588	-0.924688	-0.227085
-0.435153	0.739097	-0.514176
0.686655	-0.718622	0.109941
-0.332588	-0.858295	-0.390788
0.821560	0.569569	0.025107
-0.129625	-0.402352	-0.906262
-0.647364	0.594464	-0.477004
0.724887	0.664868	0.180249
0.510130	-0.859324	-0.036467
0.394047	-0.251255	-0.884080
-0.624896	-0.780369	-0.023011
0.574383	0.011246	0.818509
-0.651310	-0.533011	0.540088
0.386764	-0.251101	0.887334
-0.697548	-0.510215	-0.503097
-0.318772	0.333330	-0.887285
0.664451	-0.566946	0.486906
-0.406431	-0.038316	-0.912877
-0.943798	-0.055448	-0.325839
-0.367700	0.481255	0.795732
0.655369	0.338438	-0.675241
0.111878	-0.424255	-0.898605
-0.776638	-0.173345	-0.605628
-0.745648	-0.628181	0.222255
-0.731793	-0.053988	-0.679385
-0.842707	0.400340	-0.359961
-0.285190	0.220459	-0.932772
-0.833397	0.315410	0.453835
0.394918	-0.839251	-0.373761
0.164263	-0.984857	-0.055444
-0.546597	0.741539	0.389038
0.393725	-0.445072	0.804296
0.083592	-0.994889	0.056633
-0.142451	0.682101	-0.717249
-0.173637	0.788363	-0.590198
-0.930854	-0.185830	0.314609
-0.232876	0.923417	-0.305072
0.526963	-0.839807	-0.130512
-0.643094	-0.315391	-0.697824
-0.947091	-0.297821	0.119670
0.550847	0.250156	0.796235
0.596920	-0.231298	-0.768237
0.436649	-0.701468	-0.563276
-0.980837	0.174548	-0.086554
0.666055	-0.242249	-0.705469
0.481522	-0.871792	0.090081
-0.164937	0.863294	0.476989
0.033883	0.927946	-0.371171
-0.290841	-0.277327	0.915697
0.283204	0.429165	0.857679
0.234323	-0.077444	0.969069
-0.433482	-0.870181	0.234262
-0.562874	0.795197	0.225465
-0.765437	-0.583598	0.271144
0.170117	0.550393	-0.817391
0.154307	0.984640	0.081695
-0.056473	-0.847371	-0.527991
-0.897580	-0.123820	0.423107
0.936483	0.340461	0.084172
0.347438	0.916450	0.198511
-0.952059	0.278068	0.127523
0.747563	0.582013	0.320016
-0.732880	-0.336370	0.591390
0.363121	-0.858775	0.361454
0.835750	-0.320976	0.445529
-0.557572	0.737776	-0.380526
-0.318588	-0.144621	-0.936796
-0.165623	-0.831509	0.530246
0.068337	-0.224865	-0.971991
-0.143764	0.661932	0.735648
0.485253	-0.079764	0.870728
-0.250597	0.961258	0.114823
0.484417	0.182083	0.855679
-0.010439	0.474185	0.880364
-0.138697	0.935056	0.326242
0.799963	-0.595374	0.074756
-0.918879	-0.267231	-0.290256
0.487051	0.026928	0.872958
-0.819389	-0.457642	0.345203
0.227161	-0.938457	-0.260185
-0.054174	-0.986584	-0.154004
0.848686	0.390685	0.356507
-0.054901	-0.988085	-0.143786
-0.370009	-0.341916	-0.863821
0.352093	0.693298	0.628783
-0.953226	0.109770	-0.281621
-0.581311	0.278085	0.764687
0.220752	-0.876093	0.428638
-0.548959	0.116689	0.827664
0.844762	-0.389559	-0.366908
0.294191	-0.048461	-0.954517
-0.345798	0.675718	0.651021
0.441847	-0.269152	0.855762
0.213170	0.778407	-0.590459
-0.141798	-0.830617	0.538488
-0.695056	-0.382035	-0.609054
-0.530008	0.803944	0.269751
0.544846	0.467669	-0.696009
-0.558511	0.827898	-0.051484
0.596754	-0.417920	-0.685002
0.537753	0.683627	0.493434
-0.242469	0.698636	0.673139
0.410054	-0.039136	0.911221
-0.183131	0.275388	0.943729
-0.698818	-0.366180	-0.614463
-0.390535	0.912553	0.121369
0.207347	-0.802554	-0.559387
0.530470	-0.725120	0.439094
-0.405550	-0.724528	0.557304
-0.187351	0.001593	0.982292
0.212031	0.561700	0.799710
-0.437331	0.898048	-0.047452
0.562159	-0.653244	0.507198
-0.047184	0.872462	0.486399
0.051042	-0.024655	-0.998392
-0.357068	0.871551	0.336008
0.134453	-0.037310	0.990217
0.485599	-0.438844	-0.756049
0.481441	-0.868599	-0.117264
0.001650	-0.591115	-0.806586
0.751826	0.563106	0.343030
0.236879	0.015188	0.971420
0.074869	-0.990133	-0.118455
0.615471	0.552828	-0.561762
0.231960	0.899722	0.369723
-0.223235	-0.529884	0.818162
0.953771	0.076599	0.290608
0.435773	0.878366	0.196405
-0.150126	0.867901	-0.473508
0.099918	0.913695	0.393926
-0.863710	0.274812	0.422474
-0.177517	0.971661	0.156088
-0.558578	-0.394999	-0.729360
0.271991	-0.521102	-0.808995
-0.598609	0.210506	-0.772887
-0.686141	-0.032188	0.726756
0.552840	-0.380407	0.741389
0.389577	-0.326210	-0.861288
0.169460	-0.798477	-0.577683
0.050027	-0.786464	0.615607
0.526488	0.334035	-0.781813
-0.686816	-0.673966	0.272128
0.657456	-0.742036	0.130896
0.422032	-0.533169	-0.733226
-0.241924	-0.274487	-0.930661
-0.944476	-0.121854	-0.305151
0.971275	0.223174	-0.082576
0.839080	-0.526343	-0.137504
-0.071232	0.069078	0.995065
0.319206	0.898780	0.300503
-0.397699	-0.916415	-0.044931
-0.321697	0.945811	0.044186
-0.238038	-0.969279	0.061937
-0.811622	0.580684	0.063848
0.320910	-0.768927	-0.552963
-0.257799	-0.477913	0.839726
-0.128446	0.474642	-0.870756
0.205215	0.810432	0.548713
0.175863	0.984213	-0.019909
0.104129	0.994545	0.006173
0.247394	0.460270	0.852612
0.628783	-0.430060	-0.647827
0.772377	0.562097	0.295771
0.508608	0.474576	0.718398
0.514225	0.606601	0.606307
0.164014	0.823971	-0.542375
0.873805	-0.228118	-0.429449
0.104085	0.197935	0.974673
-0.031900	-0.595650	-0.802610
-0.315416	-0.101023	0.943561
0.616344	-0.357510	0.701646
0.210987	-0.833435	0.510756
-0.901920	0.407973	0.141771
0.950374	0.196789	-0.240965
-0.043750	0.757625	-0.651222
-0.430640	0.771849	0.467758
-0.300539	0.453647	0.838976
0.943459	-0.044114	-0.328541
0.844134	0.521592	-0.124012
-0.397114	0.397609	-0.827168
-0.971796	-0.065718	0.226483
0.076728	0.509354	-0.857130
0.627877	-0.347870	0.696245
-0.476480	-0.305529	0.824390
0.445531	0.294658	0.845387
0.518984	0.604425	-0.604422
0.332139	-0.509360	0.793874
-0.019716	0.596176	-0.802611
-0.434998	-0.567842	0.698808
-0.460851	-0.174434	-0.870166
-0.840387	-0.534949	-0.087062
-0.541238	0.163809	-0.824759
-0.765028	0.560570	0.317009
-0.159090	0.919377	0.359772
-0.777926	0.213599	-0.590937
0.028147	-0.482266	-0.875573
0.605585	0.759818	0.236522
0.418954	0.439209	0.794716
-0.247855	0.141711	0.958377
0.786515	-0.612975	-0.075210
0.962317	-0.100395	-0.252717
-0.669204	0.675812	0.308942
0.493242	-0.551467	0.672753
-0.415724	-0.349337	-0.839725
0.076343	0.827601	-0.556102
0.698929	-0.053737	0.713169
-0.288850	-0.801450	-0.523684
-0.765582	-0.085113	0.637684
0.400649	-0.499083	0.768373
0.727356	-0.277108	0.627825
-0.325189	0.903235	0.280033
0.770688	0.614688	-0.167925
0.674672	-0.555189	-0.486397
0.851853	-0.312049	-0.420680
0.640463	-0.698257	-0.319757
-0.691416	0.275212	0.667984
-0.066707	-0.899216	0.432389
-0.658958	0.399077	0.637583
-0.809433	0.448329	-0.379234
-0.675399	0.730439	-0.101464
-0.351390	0.929771	0.109779
-0.623894	-0.733166	-0.270599
0.674652	-0.738103	-0.006955
-0.086595	0.919425	0.383613
0.773502	0.382290	-0.505519
-0.284409	-0.528579	-0.799823
0.104234	0.993678	-0.041696
-0.413255	0.175943	0.893456
0.204944	0.968865	-0.138918
0.529138	0.559525	0.637921
0.982097	-0.043417	-0.183302
-0.956149	-0.216696	0.197034
-0.029203	0.969453	0.243533
0.276212	-0.055855	-0.959472
0.063620	-0.900019	-0.431182
0.174854	-0.976895	0.122892
-0.467442	0.884004	-0.005843
0.899262	0.434975	-0.046088
-0.307643	0.924324	-0.225790
0.079403	0.996603	0.021863
0.990891	-0.023541	-0.132595
-0.449159	0.887759	-0.100694
0.590009	0.448180	0.671584
-0.446925	-0.829881	-0.334000
-0.299133	-0.211901	-0.930385
0.075304	0.796978	-0.599295
-0.891673	-0.348830	0.288507
0.624823	0.776267	-0.083707
-0.048122	0.922465	-0.383069
0.341384	0.767377	0.542761
0.541661	-0.733615	-0.410380
0.759506	-0.627488	-0.171489
-0.111920	0.988725	0.099481
0.722767	0.567734	-0.394062
-0.523735	0.798763	-0.296107
-0.579535	-0.797438	0.168021
0.063889	0.697646	-0.713589
-0.658621	0.400184	0.637237
0.196067	-0.967640	0.158843
-0.284506	-0.952312	0.110267
-0.575288	0.644196	0.504039
-0.792400	-0.223956	-0.567404
0.634952	0.485547	-0.600900
-0.948335	0.129136	-0.289803
0.652730	-0.633500	-0.415477
0.084932	0.823345	-0.561150
0.166085	0.902222	0.398009
-0.030119	0.731188	0.681511
0.340771	-0.930082	-0.137195
0.617084	-0.334686	0.712175
-0.426015	-0.374049	0.823771
-0.470287	-0.332269	0.817574
-0.637503	0.248488	-0.729276
-0.491445	-0.870697	-0.019180
0.700586	0.010916	-0.713485
-0.958257	-0.207719	-0.196458
-0.773195	-0.522156	0.359893
-0.024487	0.711554	-0.702204
0.961451	-0.270333	-0.050313
0.431920	0.239856	0.869433
0.796854	-0.359047	-0.485911
0.121143	-0.919643	0.373606
-0.670477	-0.686467	0.281467
-0.966124	-0.159648	-0.202771
0.821011	0.559962	0.111282
0.139691	0.776750	0.614122
0.451248	-0.295159	-0.842174
0.757031	0.644051	-0.110013
0.871940	-0.396162	-0.287709
0.596841	-0.777378	-0.198657
0.002082	0.999998	0.000585
0.990286	0.137410	-0.021252
-0.276670	0.759168	0.589166
-0.162840	-0.802790	0.573596
0.409985	-0.398923	-0.820227
0.677100	-0.664221	-0.316774
-0.850457	0.489785	0.191921
0.868382	0.032649	0.494820
-0.872889	0.487710	-0.014266
0.284775	-0.570306	-0.770490
-0.179399	0.244293	0.952962
-0.311131	-0.514298	-0.799184
0.618998	-0.453457	0.641263
0.414301	-0.314316	-0.854143
-0.534704	-0.790395	-0.298942
-0.886048	-0.272728	-0.374883
-0.124337	-0.608643	-0.783642
-0.444898	0.827943	0.341432
-0.529220	0.272801	-0.803433
-0.737639	-0.604244	0.301293
0.969302	-0.008047	0.245741
0.732533	0.667139	-0.135356
-0.281694	0.414966	0.865131
-0.588674	-0.155232	-0.793326
0.832117	0.218802	0.509614
0.467824	0.883291	0.030614
0.524028	-0.782755	-0.335693
-0.047534	0.865045	0.499438
-0.165196	-0.320373	0.932776
0.504930	0.812793	0.290540
0.471350	-0.110184	0.875037
0.283361	-0.167710	-0.944235
0.142522	0.963661	-0.225933
0.108867	0.956807	0.269572
-0.880894	0.000738	0.473313
0.960599	0.276787	0.025261
0.817154	0.546520	0.183236
0.600072	-0.629145	0.494055
-0.764436	0.526138	0.372580
-0.464680	-0.453116	-0.760762
0.342269	-0.315211	-0.885152
0.327073	-0.710035	0.623597
-0.630965	-0.647895	0.426749
-0.556537	0.689402	0.463671
0.829237	-0.557906	-0.033281
0.879948	0.403421	-0.250887
0.102119	0.720863	-0.685513
-0.785403	0.541317	-0.300197
0.482756	0.660013	0.575612
-0.557387	0.562260	0.610888
-0.613188	0.000943	0.789937
-0.109888	-0.201585	0.973287
0.382834	0.415054	-0.825329
-0.931396	0.279331	-0.233401
0.623881	0.089633	0.776362
-0.904948	0.355194	0.234320
0.016291	0.037173	-0.999176
-0.749453	0.570017	0.336750
0.477157	0.877230	0.052811
-0.082766	0.356397	-0.930662
-0.172861	0.981330	0.084321
0.158922	-0.259951	0.952454
-0.966750	0.255565	0.008989
0.391456	-0.216965	-0.894253
0.739427	-0.142651	0.657951
0.257297	0.806897	0.531709
0.118681	-0.992890	0.009220
0.686736	-0.128582	-0.715444
0.897986	0.273487	-0.344712
-0.996466	0.049544	0.067823
0.696322	0.413036	-0.586972
-0.470712	-0.322113	0.821385
0.758997	-0.193361	0.621719
-0.230688	0.917226	-0.324778
-0.465678	-0.178772	0.866709
-0.508470	0.385717	0.769858
0.750917	0.410598	0.517236
0.557905	0.403397	-0.725268
-0.908005	0.415456	-0.054069
0.413139	-0.822690	0.390510
-0.304676	-0.763171	-0.569862
0.090462	0.801932	0.590526
-0.534664	0.614360	0.580256
0.463121	-0.062433	-0.884094
-0.511900	-0.671787	-0.535408
-0.803099	-0.590269	0.081334
0.506122	0.640199	-0.577915
0.047974	0.998838	-0.004686
0.450010	0.128621	-0.883712
-0.222778	-0.931369	0.287961
0.909038	-0.408347	0.083078
-0.639000	-0.535994	0.551714
-0.634258	0.772321	-0.035173
-0.729704	0.267446	-0.629289
0.292473	0.253643	0.922022
0.989379	-0.019202	-0.144083
0.101272	0.842437	0.529192
-0.576703	-0.379578	-0.723418
0.862795	-0.206975	-0.461245
0.227758	-0.908042	0.351549
-0.443620	0.862564	-0.243278
0.585019	0.552120	0.594068
0.243807	0.754301	0.609580
-0.313158	0.417628	0.852947
-0.600581	-0.212524	0.770802
-0.562883	-0.802163	0.199241
0.808061	-0.172990	0.563127
-0.798655	0.027326	0.601169
-0.563648	-0.764665	0.312392
-0.783109	-0.596572	-0.175621
-0.670522	-0.230859	-0.705056
0.071881	-0.101691	0.992216
-0.206603	-0.960827	-0.184733
0.091631	0.993467	0.068029
0.423707	-0.793054	0.437650
-0.670457	-0.734298	-0.106272
0.570139	-0.581014	0.580831
0.822185	-0.393399	-0.411400
-0.804731	0.563138	0.187838
0.367518	-0.111269	0.923336
-0.298085	0.384675	-0.873596
-0.964202	0.179887	0.194820
-0.179199	-0.208676	0.961427
-0.304909	0.910342	0.279835
0.133359	0.456909	0.879460
0.209343	0.460976	-0.862367
-0.977065	0.097417	-0.189352
-0.055798	0.631300	-0.773529
0.332917	-0.701705	-0.629902
-0.909247	-0.404155	0.099646
0.018690	-0.937921	-0.346346
0.831946	0.529516	-0.165764
-0.361187	0.642497	0.675826
-0.252332	-0.814023	-0.523159
0.555752	-0.718534	-0.418148
-0.498503	0.866873	0.005111
-0.021908	0.228432	0.973313
-0.427459	-0.434379	0.792839
0.856040	0.516700	-0.014718
0.860085	-0.283331	0.424237
0.894763	0.037255	0.444985
0.090541	-0.354681	-0.930593
-0.575054	0.296752	0.762398
-0.336177	0.612308	0.715587
0.495000	0.059988	0.866820
-0.302515	-0.365576	-0.880249
0.068336	-0.301559	-0.950996
-0.984115	-0.116533	0.133934
0.541121	-0.132200	-0.830489
-0.295921	-0.392673	-0.870769
0.516533	0.362393	-0.775799
-0.680679	0.399985	-0.613749
-0.165128	0.866173	-0.471675
0.306202	-0.708309	0.636034
0.710872	-0.230007	0.664649
-0.785469	-0.615188	-0.067702
0.467652	0.295299	-0.833127
-0.585166	0.000421	0.810914
-0.188212	-0.591612	0.783946
0.222204	0.573440	-0.788538
-0.872927	-0.187762	0.450270
0.618258	0.772688	-0.143911
-0.461738	0.365021	-0.808429
0.874106	-0.478256	0.084910
-0.524152	-0.796211	-0.302180
-0.925722	0.232605	0.298217
0.348053	0.418414	0.838921
-0.117424	-0.399212	0.909308
0.480815	-0.443409	-0.756443
-0.356375	-0.496105	0.791756
-0.597247	-0.462721	0.655123
-0.694679	-0.718054	0.042647
0.086391	0.253004	0.963600
-0.748723	-0.537093	-0.388516
-0.490303	-0.310391	0.814408
-0.460477	-0.726532	0.510011
0.207077	-0.287615	-0.935092
0.063680	0.106454	-0.992276
-0.906064	-0.088648	-0.413750
-0.148695	0.369190	-0.917381
-0.625668	0.097354	-0.773990
-0.728842	-0.211343	-0.651248
0.176641	-0.846295	-0.502577
0.965542	0.080553	0.247469
-0.374969	-0.331537	0.865726
0.178553	-0.385913	-0.905091
-0.272445	0.124342	0.954103
-0.822289	0.300904	-0.483009
0.871473	0.071652	-0.485182
-0.152262	0.403641	0.902159
-0.624385	0.748193	0.224388
-0.343215	0.873877	-0.344300
-0.947661	-0.303240	0.099919
-0.671922	-0.735336	-0.088328
-0.053447	0.996035	-0.071124
0.759650	0.191790	-0.621409
-0.857205	0.435373	0.275046
0.135279	0.988873	-0.061878
0.647858	0.716500	-0.258665
0.514723	0.417427	-0.748876
-0.794624	-0.536787	-0.283605
0.224522	0.971151	-0.080343
0.268061	0.635468	-0.724102
-0.380801	-0.492647	-0.782489
0.294580	-0.682040	0.669361
-0.364502	0.646393	-0.670309
-0.896591	-0.409722	-0.168083
-0.860901	-0.339996	-0.378486
-0.182490	0.265492	-0.946684
0.618226	0.584165	0.525879
0.418206	-0.624090	-0.660012
-0.466538	-0.803890	-0.368923
0.452261	-0.527531	0.719146
-0.870230	-0.491881	-0.027444
0.549023	0.795420	-0.256673
0.029433	-0.133501	0.990611
0.989308	-0.135653	-0.053558
0.988558	-0.110025	0.103190
0.061149	0.762423	0.644183
-0.307372	-0.896810	-0.318206
-0.573228	0.285979	0.767871
0.996009	0.087130	0.019368
0.755296	-0.225527	-0.615358
-0.816201	-0.043012	0.576165
-0.745927	-0.086358	0.660405
-0.737589	-0.340451	0.583143
0.763138	0.400292	-0.507333
0.021600	-0.002685	-0.999763
0.779078	-0.488014	0.393549
0.906270	-0.079088	-0.415235
0.851999	0.047166	-0.521414
0.366898	-0.698867	0.613980
0.582229	0.080888	-0.808991
0.423968	0.769123	-0.478227
0.390549	-0.914696	-0.103932
0.242773	-0.969561	-0.031814
0.765553	-0.539003	0.351288
0.635965	0.037275	-0.770818
0.645198	0.550772	0.529499
0.412889	0.865510	0.283577
-0.711091	-0.605713	-0.357018
0.751372	-0.331774	-0.570408
-0.453598	-0.531186	-0.715605
0.245802	-0.911359	0.330162
0.797528	0.044433	-0.601644
0.290128	-0.251375	0.923383
-0.521272	-0.852777	-0.032355
-0.482057	-0.803859	-0.348471
-0.540300	0.685551	-0.487951
-0.153301	0.646776	-0.747114
0.210881	0.968862	0.129753
-0.713172	-0.236719	0.659811
0.106461	0.438589	-0.892360
-0.249051	0.488242	0.836417
-0.304701	-0.852602	0.424532
0.309058	0.938431	0.154368
0.892967	-0.079390	0.443066
-0.573748	0.792927	0.205134
-0.988785	-0.075771	-0.128697
-0.316349	0.887696	0.334542
-0.373455	-0.221824	-0.900736
-0.057183	0.954463	0.292798
-0.504642	-0.716136	0.482168
-0.850401	0.234553	0.470961
0.976047	-0.056544	0.210081
-0.357329	0.933755	0.020432
-0.149396	0.377518	0.913871
-0.468558	-0.859395	0.204679
-0.588198	0.423347	0.689058
-0.005034	0.097741	0.995199
0.249878	0.681543	-0.687793
0.550641	-0.822086	0.144808
0.649512	0.124906	0.750021
-0.560514	-0.797483	-0.223260
-0.171619	-0.905969	-0.386997
0.500613	-0.567300	-0.653879
0.328281	-0.517636	-0.790117
-0.981733	0.073230	0.175604
0.316157	0.370260	0.873472
0.638948	0.499604	0.584929
0.327289	-0.710119	-0.623388
0.179067	-0.833600	0.522538
-0.782908	-0.587973	0.203332
0.198459	0.466759	0.861829
-0.411127	0.873516	-0.260660
0.695618	-0.388863	-0.604070
0.962890	0.258817	0.076529
0.240041	0.126578	0.962475
0.255522	-0.872583	0.416302
0.333289	0.779544	-0.530312
0.372674	-0.555218	-0.743536
0.244250	0.951587	-0.186612
-0.004091	-0.690655	0.723173
-0.850292	0.344681	-0.397742
0.537467	-0.841032	-0.061594
0.706357	0.700830	0.099483
0.650424	-0.695855	-0.304524
0.766227	-0.641613	0.035049
0.648757	0.462167	0.604579
0.900399	0.065339	0.430131
0.468131	-0.830173	0.302765
-0.131261	-0.864851	-0.484565
0.326244	0.918787	0.222251
-0.048426	0.983627	-0.173587
0.513033	0.821756	-0.248021
0.534982	-0.842891	0.057705
0.272339	0.912119	0.306384
0.265900	0.382490	0.884872
0.455295	-0.121485	-0.882014
-0.363047	0.182553	0.913713
-0.776009	-0.464214	0.426984
-0.124712	-0.125741	-0.984193
-0.092036	0.988643	0.118804
-0.363478	0.039189	0.930778
0.537854	0.218791	-0.814152
0.627973	-0.447387	-0.636785
-0.789610	-0.279652	0.546179
-0.325060	0.736708	-0.592957
0.615973	0.417099	0.668285
-0.258250	0.093377	-0.961555
-0.852812	-0.022911	-0.521715
0.913770	-0.293079	0.281301
-0.117637	0.895124	-0.430017
0.571184	-0.514131	-0.639858
-0.274468	-0.376516	0.884818
0.003544	-0.718613	-0.695401
-0.419537	-0.807387	-0.414867
0.787979	0.499573	0.359884
0.329451	-0.338119	0.881554
0.509778	0.363945	-0.779532
0.490498	0.390303	0.779150
0.950653	-0.178994	-0.253416
-0.324687	-0.300854	-0.896697
-0.435104	-0.776097	-0.456462
0.560747	0.803328	0.200568
0.307373	0.951035	0.032458
0.036512	-0.665024	-0.745929
-0.373740	0.908424	0.187306
-0.731215	-0.639153	0.238345
-0.730097	0.147477	0.667239
0.408312	0.535069	-0.739582
0.490092	-0.860647	-0.138189
-0.497810	-0.333243	-0.800709
-0.252363	-0.873195	-0.416946
-0.136484	0.976587	-0.166285
-0.045784	-0.990037	-0.133157
-0.202341	-0.424871	0.882351
0.869542	0.225221	0.439514
-0.139290	-0.939342	-0.313425
0.322251	-0.204681	0.924262
0.587739	-0.782480	-0.205639
0.921808	0.210469	0.325534
-0.117375	-0.988157	-0.098839
-0.498326	0.662375	0.559402
0.175414	0.888906	-0.423173
0.675884	0.185009	0.713409
0.437142	0.658205	0.612921
-0.005524	-0.346761	-0.937937
0.094505	0.246338	0.964565
-0.841221	0.539369	0.037796
0.265412	0.928409	-0.260025
-0.556028	0.369486	0.744522
-0.359747	-0.564977	0.742552
-0.161027	-0.071991	0.984321
-0.202934	0.045371	0.978141
0.904805	-0.059843	0.421601
0.725474	0.581131	0.368746
-0.593706	-0.059587	-0.802473
0.089043	-0.126192	0.988002
0.893137	-0.098437	-0.438881
-0.669080	-0.140702	-0.729750
-0.672722	-0.391306	0.627952
-0.632317	0.318440	-0.706237
0.269703	-0.472621	0.838982
-0.746534	-0.413245	0.521455
0.045317	0.220153	-0.974412
0.772999	-0.078489	0.629534
0.284338	0.533731	-0.796419
0.308521	0.503457	-0.807060
0.670507	0.060262	0.739452
-0.845308	0.534270	0.003227
-0.305334	0.532639	0.789346
0.088962	0.033943	-0.995456
0.587208	0.251081	-0.769510
0.401534	0.493669	0.771403
0.756700	0.058909	0.651102
0.196456	0.593436	-0.780538
-0.263344	-0.890444	-0.371161
-0.997062	-0.076054	0.009141
-0.272185	0.649917	0.709594
0.319283	0.937178	-0.140555
0.586507	-0.681979	-0.436937
0.235112	-0.971161	0.039600
0.587136	0.447846	0.674319
-0.584919	-0.790249	-0.182694
-0.452840	0.809654	0.373358
-0.161107	0.810886	-0.562591
-0.910304	-0.320258	-0.262262
-0.391411	0.279797	-0.876647
0.790118	0.144155	-0.595762
0.148888	-0.531530	0.833851
0.554081	-0.785220	0.276449
0.884677	-0.200244	0.421010
-0.996146	-0.071224	0.051193
0.397455	-0.804599	-0.441192
-0.839279	0.032956	-0.542701
0.997915	-0.043959	0.047265
0.817571	-0.193886	-0.542205
-0.447831	-0.549689	-0.705188
-0.489716	-0.224092	0.842592
-0.675507	0.367199	0.639418
-0.754093	-0.608861	0.246234
0.878420	-0.450559	0.159293
-0.015619	-0.999061	-0.040409
0.872626	-0.276786	-0.402384
0.635355	-0.719859	0.279514
0.758556	0.600964	0.251865
-0.573841	-0.526678	-0.627150
-0.877538	0.412318	-0.244789
0.705834	-0.704913	-0.069964
0.809094	-0.555436	-0.191984
-0.881377	0.375938	0.286087
0.354711	-0.902137	-0.245621
0.409538	-0.656054	-0.633934
-0.886945	-0.280375	-0.367041
-0.976378	-0.121493	0.178674
0.243118	-0.655248	0.715222
-0.166466	0.263823	-0.950098
0.679843	0.454235	0.575747
0.759370	0.634498	0.144118
0.039835	-0.292693	-0.955376
0.732866	-0.344824	-0.586518
0.497172	-0.212303	0.841277
0.798165	0.070118	-0.598344
-0.927154	0.374507	0.011356
-0.411115	0.906555	-0.095612
0.548163	-0.129759	0.826244
-0.064574	-0.935088	0.348484
-0.773142	-0.179790	-0.608216
0.468270	-0.476060	-0.744372
0.541076	0.487019	-0.685601
0.521775	0.818331	-0.241008
0.602788	-0.614948	0.508415
0.083608	0.701196	0.708049
-0.879860	-0.012528	0.475069
-0.786092	0.144760	-0.600920
0.359411	-0.624661	0.693269
0.858717	0.489478	0.151710
0.179664	0.271768	0.945443
0.151408	-0.357200	-0.921675
0.981174	-0.175563	-0.080469
0.028704	0.670290	-0.741544
0.406150	-0.041858	-0.912847
0.612659	0.616889	0.494062
0.963098	-0.255082	0.085883
0.424243	-0.318548	0.847670
0.182526	0.930750	0.316843
-0.303137	0.871072	0.386449
0.089333	-0.709012	0.699515
0.233296	0.347502	0.908193
-0.387080	0.822847	0.416043
0.474127	0.838953	-0.267138
-0.403542	0.591740	0.697852
0.373652	-0.510684	0.774329
0.209251	-0.678967	0.703717
-0.826403	0.381713	0.413948
0.339515	-0.931545	0.130208
-0.728455	0.191281	-0.657849
0.135761	0.951725	-0.275298
-0.463600	0.614075	-0.638739
0.881377	-0.134908	0.452741
0.705432	0.702729	0.092396
-0.584635	0.649587	-0.486044
-0.427740	0.105005	-0.897782
-0.729728	-0.638401	-0.244829
0.285246	-0.257078	-0.923334
0.562698	0.596967	-0.571841
0.214621	-0.486406	-0.846963
-0.433686	-0.278560	0.856926
-0.684023	-0.294985	-0.667156
0.476677	-0.089514	-0.874509
0.195123	0.257914	-0.946260
0.707124	-0.252902	-0.660315
-0.259919	-0.064248	-0.963491
-0.426470	-0.304147	-0.851832
-0.379923	-0.367427	-0.848915
0.880914	-0.376228	0.287127
0.190898	-0.372697	-0.908105
-0.579600	-0.729223	0.363727
-0.694294	-0.029353	0.719093
0.968555	0.165070	-0.186152
0.886040	0.040484	-0.461837
-0.369584	-0.148039	-0.917329
-0.762118	-0.333490	0.554942
-0.583547	-0.750199	0.310924
0.029016	-0.154156	0.987620
0.641347	-0.616237	-0.457084
0.266054	0.819265	-0.507957
-0.305278	-0.936934	0.170178
-0.984450	0.118318	-0.129839
-0.999932	-0.011665	-0.000730
-0.223148	-0.760145	-0.610233
0.353281	-0.561279	-0.748437
0.661940	0.434936	-0.610465
-0.271653	-0.896209	0.350734
-0.274069	-0.808695	0.520480
-0.383992	0.288747	0.877027
0.809538	0.583960	0.060314
-0.366586	-0.735990	-0.569152
-0.811929	-0.566031	0.142761
0.114987	0.803284	-0.584391
-0.472149	0.441328	-0.763089
0.033308	-0.241266	0.969887
-0.667112	0.228436	-0.709069
-0.499909	-0.137305	0.855125
0.181328	0.531646	-0.827329
-0.338285	-0.643249	-0.686873
0.070715	0.172545	0.982460
-0.928029	-0.365711	0.070837
-0.346340	-0.880633	-0.323317
0.334811	-0.477130	0.812557
0.823577	-0.378245	-0.422672
0.501543	0.415565	0.758789
-0.736926	-0.197728	-0.646409
-0.174504	-0.251742	0.951932
0.150614	0.733783	0.662478
0.194109	-0.965929	0.171178
-0.284589	-0.561351	0.777106
-0.206680	0.085156	0.974696
0.177151	0.253498	0.950976
0.849990	0.223422	0.477074
0.965564	-0.206192	-0.158656
0.459804	-0.887640	-0.025997
0.812000	-0.430368	-0.394258
0.037699	0.967473	-0.250151
0.026981	-0.935455	0.352416
-0.600586	0.724951	0.337258
0.242614	0.882307	-0.403327
0.903700	0.331245	0.271299
-0.609249	0.760244	-0.225489
-0.515032	0.227121	-0.826533
0.625051	0.270735	0.732130
0.527362	-0.721130	0.449289
0.953665	-0.073707	-0.291703
0.773358	-0.633846	0.012532
-0.321074	-0.911797	-0.256005
-0.951036	-0.237732	-0.197520
-0.614198	-0.702837	-0.358860
-0.491278	-0.688234	0.533836
-0.810450	0.073303	0.581203
0.381655	0.640605	0.666307
-0.634299	0.727833	0.260622
0.516309	-0.491420	0.701378
0.273330	0.799523	0.534839
-0.381487	-0.157645	-0.910832
-0.482806	0.399274	0.779409
0.284902	0.251037	-0.925101
0.047951	0.027822	-0.998462
0.610559	0.688111	0.392073
-0.134394	-0.334077	-0.932915
0.641865	0.449658	0.621142
0.124023	0.803214	-0.582637
0.331395	0.582967	0.741840
0.254001	-0.908641	0.331444
0.042633	-0.967582	-0.248934
-0.635691	-0.639318	-0.432631
0.498320	-0.346319	0.794821
0.980858	0.057993	0.185887
0.614991	0.454675	-0.644249
0.899986	-0.157884	0.406322
-0.441180	0.873401	0.206231
-0.335216	0.864090	0.375471
0.994830	-0.076026	0.067329
-0.649620	0.727713	-0.220064
-0.783643	-0.241902	0.572178
0.255741	0.753735	0.605376
-0.503950	0.863501	-0.019997
-0.670461	0.372515	0.641650
-0.353552	0.935371	0.009007
-0.276735	0.400469	-0.873523
0.592125	-0.805834	-0.004509
-0.945800	-0.272303	-0.176956
0.796401	-0.148425	0.586273
0.831210	-0.509269	0.223015
0.056252	0.666409	0.743462
0.765332	-0.526986	0.369529
-0.093417	0.993967	-0.057466
-0.692436	0.719305	-0.055981
-0.692094	0.123836	0.711105
0.620731	-0.363948	-0.694431
0.848324	0.029538	0.528653
-0.841621	-0.238150	0.484725
-0.666167	0.621588	0.412127
0.585887	0.730419	-0.351035
-0.850582	-0.483778	0.206081
0.744914	0.021132	0.666825
-0.433188	-0.702868	0.564203
-0.876304	0.263061	-0.403597
0.075995	0.885392	-0.458591
0.852041	0.426455	0.303581
0.373740	-0.927151	0.026619
-0.587927	0.724560	-0.359659
0.639252	-0.053044	-0.767166
-0.169979	-0.303089	0.937680
-0.216045	0.783923	0.582056
0.178236	-0.410536	-0.894255
0.146867	-0.941574	0.303099
0.296138	0.949702	-0.101826
-0.647164	0.638458	0.416593
-0.877265	0.479871	0.011430
0.631222	-0.321686	-0.705746
0.355676	0.934273	0.025076
-0.022741	0.985924	0.165638
0.928885	-0.270083	0.253431
0.300563	0.604064	0.738085
-0.256045	0.640100	0.724371
0.951415	-0.173330	0.254494
0.764523	-0.412485	-0.495339
-0.921614	-0.332991	0.199358
-0.360143	0.910797	0.201857
-0.122822	0.483183	0.866862
-0.849434	0.488029	-0.200722
-0.642426	-0.111330	-0.758218
-0.781325	0.084248	0.618412
-0.588921	-0.797990	-0.127997
-0.683724	-0.720223	-0.117473
-0.146787	-0.611680	0.777368
-0.990920	0.103032	0.086382
-0.942420	-0.283352	-0.177639
-0.278435	-0.096272	0.955618
0.315365	0.902954	0.291923
-0.576771	-0.719713	0.386457
-0.333077	0.700162	0.631532
0.423096	-0.857276	0.293372
0.945789	0.041270	0.322148
-0.701510	0.498647	0.509151
-0.556186	-0.067945	0.828276
-0.903646	-0.350189	0.246560
0.694049	-0.006514	0.719898
0.642287	-0.758281	0.111699
0.743597	0.495159	0.449312
-0.234299	-0.247396	-0.940159
-0.178268	-0.846388	0.501845
0.983064	-0.176622	0.048890
0.662810	-0.545932	0.512486
0.314263	-0.018306	-0.949159
-0.065139	0.943095	-0.326080
0.476945	-0.266106	-0.837682
0.538145	0.629743	0.560200
0.406973	-0.019008	0.913242
0.671370	-0.741080	-0.007930
0.406906	0.305932	0.860717
0.800683	0.596007	0.060682
-0.786224	0.589221	-0.186199
0.507709	0.800518	0.318439
-0.928424	-0.181957	-0.323914
-0.680024	-0.698783	-0.221968
0.562137	0.642108	-0.521249
0.445177	-0.394770	-0.803725
0.159066	0.318421	-0.934509
-0.428932	0.284402	0.857399
0.530565	-0.823828	-0.199518
-0.882005	-0.268513	0.387257
-0.110737	0.503414	0.856920
-0.468488	-0.855923	-0.218897
0.135751	0.884729	0.445899
0.124770	-0.336333	-0.933441
-0.112738	0.203326	-0.972599
0.665742	-0.581891	-0.467109
0.544800	0.835511	0.071507
-0.182227	-0.570549	-0.800791
0.799471	-0.372974	-0.470890
0.149838	0.584791	-0.797225
0.443735	-0.889636	-0.107920
-0.234114	0.926185	-0.295587
-0.756679	0.504825	0.415438
0.449114	-0.656399	0.606166
-0.955879	0.124945	0.265863
-0.726615	-0.148827	0.670732
-0.332493	0.094863	0.938323
-0.076186	-0.769125	-0.634541
0.458275	-0.446166	0.768713
-0.967353	-0.252109	-0.025870
-0.935193	0.117086	0.334224
0.435222	0.771941	0.463346
0.737496	-0.609243	0.291414
0.643236	0.362799	-0.674259
-0.895568	-0.275953	-0.349011
-0.203982	-0.919957	-0.334770
0.712856	-0.691293	-0.118108
0.844629	0.310552	-0.436072
-0.359778	0.136089	0.923060
0.248137	-0.330930	-0.910447
0.519936	-0.846302	0.115930
-0.319936	0.814674	-0.483681
-0.013165	0.943530	-0.331024
-0.907553	0.203222	0.367490
-0.146227	-0.051558	-0.987907
-0.810539	-0.264206	-0.522705
0.654706	0.650441	0.385080
-0.726637	-0.059125	0.684473
-0.940213	-0.340567	-0.003726
0.894361	0.196866	-0.401700
-0.064857	0.870669	-0.487574
-0.764030	-0.503104	0.403911
-0.720412	0.148041	0.677561
-0.578016	-0.685218	-0.443141
0.499537	-0.123281	-0.857476
-0.728910	0.678844	-0.088667
0.346462	0.087743	0.933951
-0.168717	0.716326	-0.677062
-0.256270	0.668803	0.697874
-0.338187	0.114750	-0.934057
-0.856391	0.451047	0.251299
0.362306	0.572423	0.735573
-0.289873	-0.633469	0.717420
-0.589635	0.131326	-0.796922
-0.003920	0.999502	-0.031323
0.691913	-0.039699	0.720889
-0.383500	0.068650	-0.920986
-0.629375	-0.762815	0.148327
-0.176491	0.295228	0.938984
0.011440	-0.288410	-0.957439
-0.626720	0.123838	-0.769342
-0.074453	0.986149	-0.148215
-0.238661	0.885973	-0.397609
-0.450641	-0.890334	0.065019
0.421597	-0.601211	-0.678823
0.080204	0.053102	0.995363
0.771127	0.031108	0.635921
0.841515	0.534589	-0.077889
-0.775224	-0.063464	0.628490
0.062463	0.249247	-0.966423
-0.041060	0.852241	0.521536
0.689749	0.598003	0.408213
-0.451459	0.844989	-0.286669
0.055549	0.815494	0.576094
-0.665902	-0.461273	-0.586346
0.667270	-0.732001	-0.137568
-0.709973	-0.255952	-0.656069
0.027255	-0.999541	0.013249
0.480024	0.554612	-0.679693
-0.656429	0.143673	0.740580
0.363336	0.898022	-0.248081
0.303999	0.844591	-0.440738
-0.195233	0.350788	0.915877
0.411331	0.909266	-0.063572
-0.923235	-0.361233	-0.130950
-0.090427	0.370617	0.924373
-0.001742	-0.851216	0.524813
0.220278	0.743132	-0.631848
0.960314	0.184570	-0.209118
-0.839189	0.326949	-0.434586
-0.371108	0.423294	-0.826499
0.994286	0.032149	-0.101789
0.820136	0.094431	0.564322
0.834676	0.498515	0.234091
0.178267	-0.785370	0.592803
0.891449	-0.225150	-0.393224
0.605675	-0.794562	-0.042758
0.582821	0.246988	-0.774155
0.175898	-0.374035	0.910581
0.820441	0.571682	0.007461
0.930675	0.320604	-0.176233
-0.949621	-0.070313	0.305410
-0.850852	0.212401	0.480559
-0.589603	0.458370	-0.665031
-0.262190	0.752937	-0.603608
-0.788857	0.492331	0.367850
-0.390878	0.892502	0.225066
-0.559880	-0.012273	-0.828483
0.377383	-0.329671	-0.865390
0.970687	0.222208	0.091597
0.558382	0.790387	-0.251986
-0.805255	-0.416220	-0.422286
-0.372361	0.653577	0.658927
-0.147546	-0.558419	0.816332
0.822660	0.239938	0.515422
0.837510	-0.161035	0.522154
0.676004	-0.276663	-0.682991
0.811184	0.004246	-0.584775
0.188912	-0.955358	-0.227162
0.600251	0.182053	0.778817
0.524088	0.141511	-0.839825
0.558853	-0.540465	0.628953
0.175917	-0.905628	-0.385864
-0.819304	-0.446603	-0.359565
0.545092	0.546479	0.635795
-0.442711	0.619558	-0.648193
0.206086	-0.440078	-0.873991
-0.593190	-0.192180	0.781788
-0.347960	-0.891451	0.290241
0.351403	0.547558	-0.759405
0.229987	-0.033163	0.972628
0.887532	-0.147668	-0.436442
0.211289	-0.081758	0.973998
-0.554974	0.507619	-0.659035
0.715752	0.655581	0.240653
0.566775	0.785625	0.248112
0.764165	-0.070434	0.641164
-0.641897	-0.166662	-0.748460
-0.794377	-0.600802	0.089455
0.446932	0.695942	0.562065
0.073815	0.721699	-0.688260
0.711266	0.518579	0.474529
0.460697	-0.047075	-0.886308
0.555909	0.182541	-0.810953
0.278205	-0.224040	-0.934028
-0.640937	-0.745015	-0.184800
-0.979636	-0.101984	-0.172950
0.004260	0.469278	-0.883040
0.068880	0.891844	0.447068
0.545974	0.487787	-0.681158
0.601786	-0.353720	-0.716055
-0.640634	0.668463	-0.377817
-0.805290	-0.156757	0.571782
-0.719817	-0.693678	0.025965
0.182491	0.974195	0.132819
0.890920	-0.366214	-0.268606
0.345261	0.390444	-0.853433
0.034990	0.036123	0.998735
0.734574	-0.520043	-0.435839
-0.242002	0.624553	0.742542
0.767379	-0.258912	0.586595
-0.866865	0.296223	0.400996
0.808631	0.164217	-0.564933
0.680248	-0.198810	-0.705505
-0.484467	-0.392990	0.781570
-0.793243	0.294857	0.532753
0.975315	-0.046014	0.215970
0.758696	0.582501	0.291673
0.852260	0.339163	0.398273
-0.060568	-0.997459	0.037522
-0.984429	-0.167310	-0.053921
-0.132676	-0.521577	0.842825
0.161281	0.408270	-0.898501
-0.671403	-0.043420	0.739820
0.675007	-0.128170	0.726594
-0.037872	-0.541508	0.839842
-0.898045	0.134150	-0.418950
-0.525359	0.808109	0.266377
-0.990108	0.134574	0.039692
-0.657118	0.698156	-0.284208
-0.973210	0.003617	0.229890
0.435418	-0.071059	-0.897419
-0.326241	-0.188710	-0.926259
-0.164458	0.108709	0.980375
-0.553731	-0.389281	-0.736099
-0.767692	0.306000	0.563039
0.679783	0.426105	-0.596933
0.751809	-0.659074	0.020128
0.652503	-0.718104	-0.242005
-0.977103	0.129635	0.168714
-0.106882	0.838482	-0.534345
0.804429	0.493703	-0.330380
-0.111840	0.959311	-0.259259
0.636455	0.703031	-0.317288
0.627276	0.351408	0.695009
0.525216	0.836289	-0.157381
0.226965	-0.004242	-0.973894
0.140200	-0.005010	-0.990110
-0.198667	-0.817709	0.540261
-0.932470	0.330277	0.146345
-0.704537	-0.211536	0.677407
0.894466	0.263679	-0.361114
-0.218676	-0.956631	0.192454
-0.704964	-0.369660	-0.605291
0.783548	-0.571450	0.243922
-0.094135	0.571196	0.815398
-0.216604	-0.029635	0.975810
0.228916	-0.842059	0.488399
-0.664046	-0.681431	0.307726
-0.590492	0.217092	-0.777297
-0.728827	-0.477960	-0.490272
0.660526	0.695058	-0.283902
0.071406	-0.948971	-0.307172
0.598869	-0.779720	-0.182738
-0.807356	-0.366574	0.462386
0.609725	-0.664274	-0.432407
0.312468	-0.696691	0.645744
-0.539628	0.699402	-0.468656
-0.354584	-0.899317	-0.255928
0.158734	-0.583453	0.796484
-0.106898	-0.863608	-0.492701
-0.609987	-0.587051	0.532248
-0.071601	0.726655	-0.683261
-0.554024	-0.005441	-0.832483
-0.948548	0.122740	-0.291877
-0.447220	-0.891060	-0.077496
-0.567448	-0.405101	-0.716865
0.871426	0.383681	-0.305623
0.346050	-0.156501	-0.925071
0.194365	0.746643	0.636197
0.040437	-0.630756	-0.774927
-0.357939	0.684768	-0.634801
0.348325	0.232317	0.908129
0.534483	-0.842163	0.071348
0.724947	0.581736	0.368829
0.589336	-0.105315	0.800995
0.398212	0.470561	-0.787401
0.421072	-0.281455	0.862253
-0.875517	0.483044	0.011753
-0.435884	-0.796571	0.418903
0.828100	0.553648	-0.087888
-0.383480	-0.063994	0.921329
-0.831304	0.554501	-0.038229
-0.871059	-0.429256	0.238739
0.232446	0.017066	0.972460
-0.338237	-0.920436	0.195941
-0.154660	0.134326	-0.978794
-0.807392	-0.253238	0.532905
-0.476573	-0.873106	-0.102783
-0.600509	-0.693983	0.397210
-0.399665	0.910926	-0.102380
0.426411	0.692382	-0.582049
0.904068	0.423034	-0.060850
0.296110	0.056953	0.953454
-0.235633	-0.960131	0.150417
-0.100782	0.378396	0.920141
0.176783	0.923227	0.341175
0.357867	-0.931725	-0.061803
-0.298319	0.931566	0.207822
-0.653925	-0.570126	-0.497331
0.163030	0.981999	0.095390
0.290855	0.918360	0.268361
0.027573	-0.948468	0.315672
-0.038205	-0.141933	-0.989139
0.730780	-0.296934	0.614647
-0.449553	0.569784	0.687931
-0.999555	-0.024894	-0.016428
0.235073	0.971800	-0.018600
-0.926851	0.006731	-0.375369
0.151271	0.347818	0.925278
0.861540	-0.037351	0.506315
0.685549	-0.504539	-0.524845
-0.519846	0.358103	-0.775578
-0.261395	0.104538	-0.959554
0.085061	-0.581652	-0.808978
0.854461	-0.194295	-0.481815
0.412540	-0.126517	0.902111
-0.533847	0.104669	0.839078
0.158795	0.987194	-0.015214
-0.744729	-0.325163	0.582792
0.611256	-0.750435	-0.251424
0.083213	0.684637	0.724119
0.208281	0.921083	0.328976
-0.556316	0.644330	0.524739
-0.004416	-0.751606	0.659597
0.753758	-0.216241	0.620556
-0.979277	0.121249	0.162222
0.239817	-0.897375	0.370413
0.375575	0.841937	0.387409
0.009754	-0.202125	0.979311
0.898683	0.150295	0.412045
-0.852827	0.391392	0.345685
-0.215221	0.967890	0.129880
0.656101	-0.141869	0.741219
0.544751	0.573530	0.611808
-0.105448	-0.396964	-0.911757
0.410685	0.848555	0.333604
-0.187775	0.682759	0.706102
-0.185447	-0.203768	0.961295
0.840402	-0.232616	0.489504
-0.141544	0.755975	-0.639114
-0.022675	0.999743	-0.000223
-0.696259	-0.686555	-0.209441
0.695326	0.002605	-0.718690
-0.881987	-0.279955	-0.379110
0.673976	-0.737299	-0.046335
-0.327942	-0.942746	-0.060692
-0.850401	-0.511083	0.124946
-0.389795	-0.813080	0.432390
-0.636838	-0.272495	-0.721238
-0.655051	0.026002	-0.755137
0.699889	0.699325	-0.145259
0.110317	0.720595	0.684524
-0.064150	0.980494	0.185785
0.882576	-0.320726	-0.343795
0.731363	0.323594	0.600330
0.901822	-0.412505	-0.128671
-0.706834	0.657779	-0.260217
-0.332388	0.812801	0.478406
0.091050	0.899758	-0.426785
-0.058705	-0.995687	-0.071844
0.998189	0.005309	-0.059925
0.049283	0.869877	-0.490800
-0.913837	0.317272	0.253457
0.549156	0.833671	0.058491
0.684145	-0.693699	-0.225229
-0.818503	-0.307065	0.485555
0.951818	-0.021745	0.305893
0.062159	0.287791	-0.955674
-0.848765	0.352156	-0.394442
-0.179693	0.966297	0.184337
0.300068	0.607380	-0.735560
-0.946737	0.306016	-0.100221
0.815162	0.517813	-0.259579
0.457954	-0.758362	-0.463860
-0.620457	-0.470926	-0.627105
-0.608110	-0.146783	-0.780164
-0.486438	0.870245	0.077785
-0.962250	0.081156	-0.259786
0.804589	0.476654	0.354171
-0.198297	-0.639396	-0.742867
0.243863	-0.487330	0.838475
0.233888	0.729471	0.642781
-0.226848	0.220186	0.948714
0.416817	0.202846	0.886068
0.289060	0.852261	0.435999
0.608250	0.745983	-0.271186
0.018074	0.458919	0.888294
0.176789	0.487022	-0.855310
0.368876	0.709793	-0.600104
-0.718975	-0.276797	-0.637541
-0.554771	0.808016	0.198341
0.984252	-0.056635	0.167452
0.504872	0.826621	-0.248602
0.187498	-0.486838	0.853131
0.585009	0.655943	-0.476974
-0.265053	-0.705178	0.657625
-0.344122	0.872046	-0.348016
0.234539	-0.399858	0.886062
-0.031849	-0.944566	-0.326772
-0.683252	-0.687068	0.247194
-0.166299	0.743734	0.647460
0.642179	0.602262	0.474222
0.448149	0.147540	-0.881700
0.893432	0.449054	-0.011368
0.795992	0.280004	0.536651
0.319922	-0.305936	0.896690
-0.835189	-0.011820	-0.549836
0.213705	-0.270725	-0.938636
-0.249544	-0.397131	0.883184
0.924386	0.298623	-0.237351
-0.063760	-0.842586	0.534774
0.650437	-0.753883	-0.092691
0.623632	0.294616	-0.724075
0.578465	-0.742222	0.338357
0.977421	0.160746	0.137146
-0.192534	-0.956485	0.219241
-0.102434	0.193994	0.975640
0.913664	0.385963	0.127474
0.386544	0.587887	0.710614
0.787709	-0.583322	-0.198117
0.619362	-0.780988	0.080303
0.754733	0.440238	-0.486384
0.800698	0.426317	0.420877
-0.982860	-0.078559	-0.166780
0.543083	-0.318012	0.777129
-0.321346	-0.595466	0.736313
-0.565203	-0.400650	0.721128
-0.520480	0.633213	0.572838
0.746486	0.535141	0.395453
0.124228	-0.484967	-0.865664
0.110185	0.605864	0.787901
0.747372	-0.247461	-0.616602
0.230429	0.157755	0.960217
-0.914730	0.037857	0.402289
0.516353	0.603236	0.607853
0.985433	0.034997	-0.166425
-0.615960	-0.234250	-0.752143
-0.345790	-0.569516	0.745708
0.316099	-0.861425	0.397529
-0.009086	-0.990860	-0.134588
-0.734726	-0.528087	0.425795
-0.224055	-0.239233	0.944758
-0.289219	0.364632	-0.885097
0.358383	0.921138	-0.151873
-0.947556	-0.313162	0.063777
-0.690231	-0.722094	0.046493
0.331200	0.791411	0.513785
0.838838	-0.481536	0.253918
-0.853041	0.336344	-0.398991
-0.652204	0.662964	0.367572
0.044927	0.302709	0.952023
0.047899	-0.488220	-0.871405
0.069695	0.141058	0.987545
0.092730	0.475934	-0.874579
0.984597	0.021861	-0.173468
0.380130	0.387075	-0.840044
0.001463	-0.019770	0.999803
-0.776269	-0.263576	-0.572655
0.644696	-0.080063	-0.760235
0.792658	0.254320	0.554089
0.168851	-0.520963	0.836712
0.583917	0.657559	-0.476085
-0.283124	0.709510	-0.645319
0.371898	0.001169	-0.928273
0.274286	0.273396	0.921966
0.112017	-0.992392	-0.051091
-0.646479	0.640356	-0.414739
-0.149358	0.945663	0.288816
-0.980096	-0.009015	0.198320
0.327156	0.786306	0.524111
-0.659050	-0.398743	-0.637696
0.718815	-0.447339	0.532159
0.484718	-0.060210	0.872596
-0.566485	-0.000508	0.824072
-0.661817	0.678722	0.318331
0.599090	-0.784031	-0.162441
-0.332049	-0.671983	-0.661954
0.871664	-0.477669	-0.109698
-0.324377	0.111887	0.939287
0.273341	0.043546	-0.960931
0.904187	0.256323	-0.341678
0.146180	-0.422903	0.894307
-0.580709	-0.025625	0.813708
-0.969101	-0.122833	0.213906
-0.822231	-0.379861	0.423841
-0.948656	0.261334	-0.178201
-0.264733	-0.962931	0.051779
0.777870	-0.607241	0.161795
0.193376	0.901695	0.386719
0.737403	-0.107903	-0.666779
0.357129	0.061820	-0.932007
-0.560475	-0.538940	0.628817
-0.239987	0.462957	0.853274
-0.369858	-0.443949	-0.816158
0.205125	0.830793	0.517405
-0.442971	-0.339406	0.829808
-0.383823	0.868167	-0.314590
0.358668	0.775087	-0.520190
0.822756	-0.547242	0.153619
0.583237	0.737372	0.340759
-0.117252	0.269852	0.955736
0.707103	-0.181743	0.683356
-0.852836	-0.491961	0.175057
-0.873660	0.480504	0.076380
-0.453667	-0.672716	0.584499
-0.497258	-0.843388	0.203546
0.674827	0.182929	-0.714945
-0.322541	-0.365222	-0.873258
-0.630038	0.463995	0.622704
0.991763	-0.045439	0.119756
-0.156236	0.291616	-0.943690
-0.280981	-0.143813	0.948877
-0.397221	0.137339	-0.907388
-0.209774	-0.816749	0.537508
-0.099878	-0.689783	-0.717094
0.349470	0.599342	-0.720181
0.325056	-0.373107	0.868982
0.151108	-0.820873	0.550757
0.593291	-0.120920	0.795854
0.191110	-0.981367	-0.019874
0.866768	-0.413711	-0.278489
-0.565015	0.809996	-0.157052
-0.041826	0.891471	-0.451144
-0.771478	-0.038875	0.635067
-0.277154	-0.852922	0.442391
-0.832266	0.311089	0.458865
0.776228	-0.368874	0.511274
-0.435773	0.782077	0.445485
0.149974	-0.921670	0.357817
0.817421	-0.045487	-0.574241
-0.025711	-0.548573	-0.835707
0.711495	0.638346	-0.293750
0.614894	0.202095	-0.762275
-0.440321	-0.016310	0.897692
0.772356	-0.472168	-0.424881
